index,date,ACCEL_X,ACCEL_Y,ACCEL_Z
0,1782579299103,0.11,0.02,1.01
1,1782579299170,0.11,0.02,1.01
2,1782579299236,0.11,0.02,1.01
3,1782579299270,0.11,0.02,1.01
4,1782579299353,0.11,0.02,1.01
5,1782579299454,0.11,0.02,1.01
6,1782579299487,0.11,0.02,1.01
7,1782579299554,0.11,0.02,1.01
8,1782579299603,0.11,0.02,1.01
9,1782579299654,0.11,0.02,1.01
10,1782579299704,0.11,0.02,1.01
11,1782579299770,0.11,0.02,1.01
12,1782579299786,0.11,0.02,1.01
13,1782579299820,0.11,0.02,1.01
14,1782579299837,0.11,0.02,1.01
15,1782579299869,0.11,0.02,1.01
16,1782579300003,0.11,0.02,1.01
17,1782579300070,0.11,0.02,1.01
18,1782579300103,0.11,0.02,1.01
19,1782579300120,0.11,0.02,1.01
20,1782579300137,0.11,0.02,1.01
21,1782579300203,0.11,0.02,1.01
22,1782579300269,0.11,0.02,1.01
23,1782579300303,0.11,0.02,1.01
24,1782579300369,0.11,0.02,1.01
25,1782579300402,0.11,0.02,1.01
26,1782579300419,0.11,0.02,1.01
27,1782579300453,0.12,0.02,1.01
28,1782579300469,0.12,0.02,1.01
29,1782579300519,0.11,0.02,1.01
30,1782579300569,0.11,0.02,1.01
31,1782579300619,0.11,0.02,1.01
32,1782579300719,0.11,0.02,1.01
33,1782579300780,0.12,0.02,1.01
34,1782579300819,0.12,0.02,1.01
35,1782579300885,0.12,0.02,1.01
36,1782579300951,0.11,0.02,1.01
37,1782579300985,0.11,0.02,1.01
38,1782579301035,0.12,0.02,1.01
39,1782579301135,0.11,0.02,1.01
40,1782579301268,0.11,0.02,1.01
41,1782579301335,0.11,0.02,1.01
42,1782579301552,0.11,0.02,1.01
43,1782579301618,0.12,0.02,1.01
44,1782579301684,0.12,0.02,1.01
45,1782579301785,0.11,0.02,1.01
46,1782579301834,0.11,0.02,1.01
47,1782579301868,0.12,0.02,1.01
48,1782579301918,0.12,0.02,1.01
49,1782579301967,0.12,0.02,1.01
50,1782579302035,0.12,0.02,1.01
51,1782579302068,0.12,0.02,1.01
52,1782579302118,0.12,0.02,1.01
53,1782579302184,0.12,0.02,1.01
54,1782579302234,0.12,0.02,1.01
55,1782579302300,0.11,0.02,1.01
56,1782579302334,0.11,0.02,1.01
57,1782579302401,0.11,0.02,1.01
58,1782579302451,0.11,0.02,1.01
59,1782579302518,0.11,0.02,1.01
60,1782579302700,0.11,0.02,1.01
61,1782579302733,0.11,0.02,1.01
62,1782579302817,0.12,0.02,1.01
63,1782579302884,0.12,0.02,1.01
64,1782579302950,0.11,0.02,1.01
65,1782579303000,0.11,0.02,1.01
66,1782579303051,0.11,0.02,1.01
67,1782579303116,0.12,0.02,1.01
68,1782579303150,0.12,0.02,1.01
69,1782579303250,0.12,0.02,1.01
70,1782579303316,0.11,0.02,1.01
71,1782579303349,0.11,0.02,1.01
72,1782579303433,0.11,0.02,1.01
73,1782579303500,0.11,0.02,1.01
74,1782579303566,0.11,0.02,1.01
75,1782579303600,0.11,0.02,1.01
76,1782579303667,0.11,0.02,1.01
77,1782579303716,0.11,0.02,1.01
78,1782579303801,0.11,0.02,1.01
79,1782579303833,0.11,0.02,1.01
80,1782579303883,0.11,0.02,1.01
81,1782579303949,0.11,0.02,1.01
82,1782579303982,0.11,0.02,1.01
83,1782579304032,0.11,0.02,1.01
84,1782579304083,0.11,0.02,1.01
85,1782579304166,0.12,0.02,1.01
86,1782579304216,0.12,0.02,1.01
87,1782579304266,0.12,0.02,1.01
88,1782579304399,0.11,0.02,1.01
89,1782579304482,0.11,0.02,1.01
90,1782579304532,0.11,0.02,1.01
91,1782579304582,0.11,0.02,1.01
92,1782579304632,0.11,0.02,1.01
93,1782579304666,0.12,0.02,1.01
94,1782579304716,0.12,0.02,1.01
95,1782579304732,0.12,0.02,1.01
96,1782579304765,0.11,0.02,1.01
97,1782579304816,0.12,0.02,1.01
98,1782579304865,0.12,0.02,1.01
99,1782579304915,0.12,0.02,1.01
100,1782579304966,0.11,0.02,1.01
101,1782579305031,0.11,0.02,1.01
102,1782579305048,0.12,0.02,1.01
103,1782579305098,0.11,0.02,1.01
104,1782579305148,0.11,0.02,1.01
105,1782579305181,0.12,0.02,1.01
106,1782579305216,0.12,0.02,1.01
107,1782579305315,0.12,0.02,1.01
108,1782579305349,0.12,0.02,1
109,1782579305415,0.12,0.02,1
110,1782579305481,0.11,0.02,1
111,1782579305564,0.11,0.02,1.01
112,1782579305648,0.11,0.02,1.01
113,1782579305765,0.11,0.02,1.01
114,1782579305848,0.11,0.02,1.01
115,1782579305865,0.11,0.02,1.01
116,1782579305931,0.11,0.02,1.01
117,1782579305997,0.11,0.02,1.01
118,1782579306065,0.11,0.02,1.01
119,1782579306131,0.11,0.02,1.01
120,1782579306164,0.11,0.02,1.01
121,1782579306197,0.11,0.02,1.01
122,1782579306214,0.11,0.02,1
123,1782579306264,0.11,0.02,1.02
124,1782579306331,0.11,0.02,1.01
125,1782579306397,0.12,0.02,1.01
126,1782579306431,0.12,0.02,1.01
127,1782579306447,0.12,0.02,1.01
128,1782579306481,0.11,0.02,1.01
129,1782579306547,0.11,0.02,1.01
130,1782579306648,0.11,0.02,1.01
131,1782579306680,0.11,0.02,1.01
132,1782579306730,0.11,0.02,1.01
133,1782579306747,0.11,0.02,1.01
134,1782579306780,0.11,0.02,1
135,1782579306813,0.12,0.02,1.01
136,1782579306847,0.11,0.02,1.01
137,1782579306863,0.11,0.02,1
138,1782579306880,0.11,0.02,1.01
139,1782579306914,0.11,0.02,1
140,1782579306964,0.11,0.02,1
141,1782579307014,0.11,0.02,1.01
142,1782579307046,0.10000000000000001,0.02,1.01
143,1782579307097,0.10000000000000001,0.02,1
144,1782579307130,0.11,0.02,1.01
145,1782579307196,0.11,0.02,1
146,1782579307247,0.11,0.02,1.01
147,1782579307314,0.11,0.02,1.02
148,1782579307429,0.13,0.040000000000000001,1.02
149,1782579307446,0.13,0.040000000000000001,1.02
150,1782579307479,0.13,0.040000000000000001,1.1000000000000001
151,1782579307546,0.13,0.029999999999999999,1.1000000000000001
152,1782579307713,0.14999999999999999,0.02,0.97999999999999998
153,1782579307729,0.11,0.02,0.93999999999999995
154,1782579307746,0.11,0.029999999999999999,1
155,1782579307780,0.11,0.059999999999999998,1
156,1782579307929,0.14000000000000001,0.059999999999999998,1.0700000000000001
157,1782579308046,0.14000000000000001,-0.02,0.96999999999999997
158,1782579308129,0.14000000000000001,0.01,0.96999999999999997
159,1782579308146,0.089999999999999997,0.050000000000000003,1.0900000000000001
160,1782579308196,0.089999999999999997,-0.01,1.0900000000000001
161,1782579308279,0.089999999999999997,-0.01,1.0900000000000001
162,1782579308363,0.089999999999999997,-0.029999999999999999,1.0600000000000001
163,1782579308412,0.12,-0.02,0.97999999999999998
164,1782579308462,0.12,-0.02,0.93000000000000005
165,1782579308512,0.13,0.01,0.90000000000000002
166,1782579308596,0.13,0.040000000000000001,0.90000000000000002
167,1782579308696,0.089999999999999997,0.059999999999999998,1
168,1782579308828,0.14000000000000001,0.059999999999999998,1.02
169,1782579308879,0.14000000000000001,0.059999999999999998,1.02
170,1782579308945,0.13,0.10000000000000001,0.94999999999999996
171,1782579308962,0.13,0.10000000000000001,0.98999999999999999
172,1782579308979,0.16,0.070000000000000007,0.98999999999999999
173,1782579309029,0.20000000000000001,0.02,0.94999999999999996
174,1782579309079,0.20000000000000001,0.01,0.94999999999999996
175,1782579309129,0.17999999999999999,0.01,0.93999999999999995
176,1782579309211,0.16,0.01,0.93999999999999995
177,1782579309312,0.089999999999999997,0.050000000000000003,0.95999999999999996
178,1782579309378,0.089999999999999997,0.050000000000000003,1.1200000000000001
179,1782579309428,0.089999999999999997,0.050000000000000003,1.1200000000000001
180,1782579309495,0.089999999999999997,0.050000000000000003,1.1200000000000001
181,1782579309561,0.089999999999999997,0.01,0.94999999999999996
182,1782579309662,0.059999999999999998,0.01,1.02
183,1782579309761,0.050000000000000003,-0.01,1
184,1782579309811,0.050000000000000003,0.01,1.02
185,1782579309861,0.13,0.02,1.1100000000000001
186,1782579309911,0.13,0.029999999999999999,1.1499999999999999
187,1782579309994,0.10000000000000001,0.029999999999999999,1.1499999999999999
188,1782579310077,0.10000000000000001,0.029999999999999999,1.1200000000000001
189,1782579310094,0.13,0.050000000000000003,0.96999999999999997
190,1782579310128,0.12,0.040000000000000001,0.98999999999999999
191,1782579310228,0.10000000000000001,0.040000000000000001,1.02
192,1782579310277,0.10000000000000001,0.02,1.02
193,1782579310377,0.14999999999999999,0.02,1.01
194,1782579310444,0.14999999999999999,0.01,1.02
195,1782579310460,0.14999999999999999,0.01,1.02
196,1782579310478,0.13,0.01,1.02
197,1782579310510,0.14999999999999999,0.01,1
198,1782579310544,0.10000000000000001,0.01,1.02
199,1782579310577,0.080000000000000002,0.01,1
200,1782579310627,0.11,0.02,1.02
201,1782579310677,0.11,0.02,1.01
202,1782579310827,0.12,0.02,1.03
203,1782579310894,0.12,0.029999999999999999,0.98999999999999999
204,1782579310927,0.12,0.02,0.98999999999999999
205,1782579310994,0.12,0.02,1.01
206,1782579311110,0.11,0.02,1.01
207,1782579311177,0.11,0.02,1.01
208,1782579311260,0.11,0.02,1.01
209,1782579311310,0.11,0.02,1.01
210,1782579311343,0.11,0.02,1.01
211,1782579311360,0.11,0.02,1
212,1782579311394,0.11,0.02,1
213,1782579311477,0.11,0.02,1.01
214,1782579311510,0.11,0.02,1
215,1782579311559,0.12,0.02,1.01
216,1782579311610,0.12,0.02,1.01
217,1782579311676,0.12,0.02,1.01
218,1782579311710,0.12,0.029999999999999999,1.01
219,1782579311793,0.12,0.029999999999999999,1.01
220,1782579311843,0.11,0.029999999999999999,1.01
221,1782579311910,0.12,0.029999999999999999,1.01
222,1782579311960,0.11,0.029999999999999999,1
223,1782579311994,0.11,0.029999999999999999,1.01
224,1782579312093,0.12,0.02,1.01
225,1782579312276,0.12,0.02,1.01
226,1782579312343,0.12,0.02,1.01
227,1782579312459,0.12,0.02,1.01
228,1782579312509,0.12,0.02,1.01
229,1782579312542,0.11,0.02,1.01
230,1782579312575,0.11,0.02,1.01
231,1782579312642,0.11,0.02,1.01
232,1782579312742,0.11,0.02,1.01
233,1782579312775,0.11,0.02,1.01
234,1782579312825,0.11,0.02,1.01
235,1782579312899,0.12,0.02,1.01
236,1782579312942,0.12,0.02,1.01
237,1782579312959,0.12,0.02,1.01
238,1782579312975,0.12,0.02,1.01
239,1782579313044,0.12,0.029999999999999999,1.01
240,1782579313093,0.12,0.02,1.01
241,1782579313143,0.12,0.029999999999999999,1.01
242,1782579313227,0.12,0.029999999999999999,1.01
243,1782579313292,0.12,0.02,1.01
244,1782579313326,0.12,0.02,1.01
245,1782579313392,0.12,0.02,1.01
246,1782579313475,0.12,0.02,1.01
247,1782579313543,0.11,0.02,1.01
248,1782579313610,0.11,0.02,1.01
249,1782579313642,0.11,0.029999999999999999,1.01
250,1782579313692,0.11,0.029999999999999999,1.01
251,1782579313795,0.11,0.02,1.01
252,1782579313875,0.11,0.02,1.01
253,1782579313909,0.11,0.02,1.01
254,1782579313942,0.11,0.02,1.01
255,1782579314009,0.12,0.02,1.01
256,1782579314043,0.11,0.02,1.01
257,1782579314059,0.11,0.02,1.01
258,1782579314076,0.11,0.02,1.01
259,1782579314093,0.11,0.02,1.01
260,1782579314125,0.12,0.02,1.01
261,1782579314173,0.12,0.02,1.01
262,1782579314274,0.11,0.02,1.01
263,1782579314324,0.12,0.02,1.01
264,1782579314374,0.11,0.02,1.01
265,1782579314423,0.11,0.02,1.01
266,1782579314473,0.11,0.02,1.01
267,1782579314523,0.11,0.02,1.01
268,1782579314590,0.12,0.02,1.01
269,1782579314674,0.12,0.02,1.01
270,1782579314709,0.12,0.02,1.01
271,1782579314790,0.11,0.02,1.01
272,1782579314846,0.11,0.02,1.01
273,1782579314862,0.12,0.02,1.01
274,1782579314926,0.12,0.02,1.01
275,1782579314959,0.11,0.02,1.01
276,1782579315108,0.12,0.02,1.01
277,1782579315175,0.12,0.02,1.01
278,1782579315239,0.12,0.02,1.01
279,1782579315273,0.11,0.02,1.01
280,1782579315357,0.11,0.02,1.01
281,1782579315373,0.11,0.02,1.01
282,1782579315440,0.11,0.02,1.01
283,1782579315506,0.11,0.02,1.01
284,1782579315539,0.11,0.02,1.01
285,1782579315589,0.11,0.02,1.01
286,1782579315673,0.12,0.02,1.01
287,1782579315774,0.12,0.02,1.01
288,1782579315856,0.11,0.02,1.01
289,1782579315889,0.12,0.02,1.01
290,1782579315939,0.12,0.02,1.01
291,1782579315989,0.12,0.02,1.01
292,1782579316022,0.12,0.02,1.01
293,1782579316039,0.12,0.02,1.01
294,1782579316089,0.12,0.02,1.01
295,1782579316155,0.12,0.02,1.01
296,1782579316223,0.12,0.02,1.01
297,1782579316272,0.11,0.02,1.01
298,1782579316322,0.11,0.02,1.01
299,1782579316439,0.12,0.02,1.01
300,1782579316489,0.12,0.02,1.01
301,1782579517852,0.040000000000000001,0,1.01
302,1782579517919,0.040000000000000001,0,1.01
303,1782579517986,0.040000000000000001,0,1.01
304,1782579518020,0.040000000000000001,0,1.01
305,1782579518070,0.040000000000000001,0,1.01
306,1782579518135,0.040000000000000001,0,1.01
307,1782579518185,0.040000000000000001,0.01,1.01
308,1782579518202,0.040000000000000001,0,1.01
309,1782579518235,0.040000000000000001,0,1.01
310,1782579518252,0.040000000000000001,0,1.01
311,1782579518268,0.040000000000000001,0,1.01
312,1782579518319,0.040000000000000001,0,1.01
313,1782579518352,0.040000000000000001,0,1.01
314,1782579518402,0.040000000000000001,0,1.01
315,1782579518452,0.040000000000000001,0,1.02
316,1782579518518,0.040000000000000001,0,1.02
317,1782579518551,0.040000000000000001,0,1.02
318,1782579518618,0.040000000000000001,0.01,1.01
319,1782579518684,0.040000000000000001,0.01,1.01
320,1782579518718,0.040000000000000001,0.01,1.01
321,1782579518751,0.040000000000000001,0.01,1.01
322,1782579518785,0.040000000000000001,0.01,1.01
323,1782579518802,0.040000000000000001,0.01,1.01
324,1782579518819,0.040000000000000001,0,1.01
325,1782579518835,0.040000000000000001,0,1.01
326,1782579518885,0.040000000000000001,0,1.01
327,1782579518935,0.040000000000000001,0,1.01
328,1782579518951,0.040000000000000001,0,1.01
329,1782579519002,0.040000000000000001,0,1.01
330,1782579519051,0.040000000000000001,0,1.01
331,1782579519102,0.040000000000000001,0,1.01
332,1782579519168,0.040000000000000001,0,1.01
333,1782579519235,0.040000000000000001,0,1.01
334,1782579519252,0.040000000000000001,0,1.01
335,1782579519301,0.040000000000000001,0,1.02
336,1782579519385,0.040000000000000001,0,1.02
337,1782579519385,0.040000000000000001,0,1.02
338,1782579519417,0.040000000000000001,0,1.02
339,1782579519434,0.040000000000000001,0,1.01
340,1782579519451,0.040000000000000001,0,1.01
341,1782579519484,0.040000000000000001,0,1.01
342,1782579519551,0.040000000000000001,0,1.01
343,1782579519584,0.040000000000000001,0,1.01
344,1782579519667,0.040000000000000001,0,1.01
345,1782579519718,0.040000000000000001,0.01,1.01
346,1782579519785,0.040000000000000001,0.01,1.01
347,1782579519817,0.040000000000000001,0.01,1.01
348,1782579519883,0.040000000000000001,0.01,1.01
349,1782579519934,0.040000000000000001,0.01,1.01
350,1782579519967,0.040000000000000001,0.01,1.01
351,1782579520001,0.040000000000000001,0,1.01
352,1782579520017,0.040000000000000001,0,1.01
353,1782579520034,0.040000000000000001,0,1.01
354,1782579520100,0.040000000000000001,0,1.01
355,1782579520167,0.040000000000000001,0,1.01
356,1782579520217,0.040000000000000001,0,1.01
357,1782579520267,0.040000000000000001,0,1.01
358,1782579520316,0.040000000000000001,0,1.01
359,1782579520366,0.040000000000000001,0,1.01
360,1782579520434,0.040000000000000001,0.01,1.01
361,1782579520484,0.040000000000000001,0.01,1.01
362,1782579520517,0.040000000000000001,0.01,1.01
363,1782579520534,0.040000000000000001,0,1.01
364,1782579520551,0.040000000000000001,0,1.01
365,1782579520601,0.040000000000000001,0,1.01
366,1782579520633,0.040000000000000001,0,1.01
367,1782579520700,0.040000000000000001,0,1.01
368,1782579520750,0.040000000000000001,0,1.01
369,1782579520816,0.040000000000000001,0,1.01
370,1782579520816,0.040000000000000001,0,1.01
371,1782579520884,0.040000000000000001,0,1.01
372,1782579521000,0.040000000000000001,0,1.01
373,1782579521050,0.040000000000000001,0.01,1.01
374,1782579521100,0.040000000000000001,0.01,1.01
375,1782579521232,0.040000000000000001,0,1.01
376,1782579521249,0.040000000000000001,0,1.01
377,1782579521266,0.040000000000000001,0,1.01
378,1782579521300,0.040000000000000001,0,1.01
379,1782579521316,0.040000000000000001,0,1.01
380,1782579521366,0.040000000000000001,0,1.01
381,1782579521400,0.040000000000000001,0,1.01
382,1782579521466,0.040000000000000001,0,1.01
383,1782579521500,0.040000000000000001,0,1.01
384,1782579521532,0.040000000000000001,0,1.01
385,1782579521549,0.040000000000000001,0,1.01
386,1782579521599,0.040000000000000001,0,1.01
387,1782579521749,0.040000000000000001,0,1.01
388,1782579521783,0.040000000000000001,0,1.01
389,1782579521816,0.040000000000000001,0,1.01
390,1782579521850,0.040000000000000001,0.01,1.01
391,1782579521866,0.040000000000000001,0.01,1.01
392,1782579521916,0.040000000000000001,0.01,1.02
393,1782579521982,0.040000000000000001,0.01,1.02
394,1782579522065,0.040000000000000001,0,1.02
395,1782579522115,0.040000000000000001,0,1.01
396,1782579522148,0.040000000000000001,0,1.01
397,1782579522181,0.040000000000000001,0,1.01
398,1782579522199,0.040000000000000001,0,1.01
399,1782579522215,0.040000000000000001,0,1.01
400,1782579522249,0.040000000000000001,0,1.01
401,1782579522316,0.040000000000000001,0,1.01
402,1782579522365,0.040000000000000001,0,1.01
403,1782579522432,0.040000000000000001,0,1.01
404,1782579522448,0.040000000000000001,0,1.01
405,1782579522466,0.040000000000000001,0,1.01
406,1782579522499,0.040000000000000001,0,1.01
407,1782579522515,0.040000000000000001,0,1.01
408,1782579522565,0.040000000000000001,0,1.02
409,1782579522632,0.040000000000000001,0,1.02
410,1782579522664,0.040000000000000001,0,1.02
411,1782579522715,0.040000000000000001,0.01,1.01
412,1782579522748,0.040000000000000001,0.01,1.01
413,1782579522865,0.040000000000000001,0.01,1.01
414,1782579522965,0.040000000000000001,0.01,1.01
415,1782579523014,0.040000000000000001,0.01,1.01
416,1782579523048,0.040000000000000001,0,1.01
417,1782579523081,0.040000000000000001,0,1.01
418,1782579523181,0.040000000000000001,0,1.01
419,1782579523281,0.040000000000000001,0,1.01
420,1782579523348,0.040000000000000001,0,1.01
421,1782579523399,0.040000000000000001,0,1.01
422,1782579523431,0.040000000000000001,0,1.01
423,1782579523498,0.040000000000000001,0,1.01
424,1782579523547,0.040000000000000001,0,1.01
425,1782579523581,0.040000000000000001,0,1.01
426,1782579523614,0.040000000000000001,0,1.01
427,1782579523631,0.040000000000000001,0.01,1.01
428,1782579523647,0.040000000000000001,0.01,1.01
429,1782579523697,0.040000000000000001,0.01,1.01
430,1782579523731,0.040000000000000001,0.01,1.01
431,1782579523830,0.040000000000000001,0,1.01
432,1782579523864,0.040000000000000001,0.01,1.01
433,1782579523931,0.040000000000000001,0,1.01
434,1782579523997,0.040000000000000001,0,1.01
435,1782579524014,0.040000000000000001,0,1.01
436,1782579524064,0.040000000000000001,0,1.01
437,1782579524180,0.040000000000000001,0,1.01
438,1782579524197,0.040000000000000001,0,1.01
439,1782579524230,0.040000000000000001,0,1.01
440,1782579524297,0.040000000000000001,0,1.01
441,1782579524380,0.040000000000000001,0,1.01
442,1782579524430,0.040000000000000001,0,1.01
443,1782579524463,0.040000000000000001,0,1.01
444,1782579524480,0.040000000000000001,0,1.01
445,1782579524513,0.040000000000000001,0,1.01
446,1782579524530,0.040000000000000001,0,1.01
447,1782579524579,0.040000000000000001,0,1.01
448,1782579524613,0.040000000000000001,0,1.01
449,1782579524679,0.040000000000000001,0.01,1.01
450,1782579524713,0.040000000000000001,0.01,1.01
451,1782579524747,0.040000000000000001,0.01,1.01
452,1782579524830,0.040000000000000001,0.01,1.01
453,1782579524863,0.040000000000000001,0.01,1.01
454,1782579524963,0.040000000000000001,0.01,1.01
455,1782579525030,0.040000000000000001,0.01,1.01
456,1782579525063,0.040000000000000001,0.01,1.01
457,1782579525096,0.040000000000000001,0,1.01
458,1782579525114,0.040000000000000001,0,1.01
459,1782579525179,0.040000000000000001,0,1.01
460,1782579525213,0.040000000000000001,0,1.01
461,1782579525262,0.040000000000000001,0,1.01
462,1782579525313,0.040000000000000001,0,1.01
463,1782579525396,0.040000000000000001,0,1.01
464,1782579525462,0.040000000000000001,0,1.01
465,1782579525512,0.040000000000000001,0,1.01
466,1782579525596,0.040000000000000001,0,1.01
467,1782579525646,0.040000000000000001,0,1.01
468,1782579525663,0.040000000000000001,0,1.01
469,1782579525729,0.040000000000000001,0,1.01
470,1782579525830,0.040000000000000001,0.01,1.01
471,1782579525880,0.040000000000000001,0.01,1.01
472,1782579525930,0.040000000000000001,0.01,1.01
473,1782579525946,0.040000000000000001,0.01,1.01
474,1782579525978,0.040000000000000001,0.01,1.01
475,1782579526029,0.040000000000000001,0.01,1.01
476,1782579526078,0.040000000000000001,0.01,1.01
477,1782579526096,0.040000000000000001,0,1.01
478,1782579526130,0.040000000000000001,0,1.01
479,1782579526146,0.040000000000000001,0,1.01
480,1782579526163,0.040000000000000001,0,1.01
481,1782579526213,0.040000000000000001,0,1.01
482,1782579526262,0.040000000000000001,0,1.01
483,1782579526328,0.040000000000000001,0,1.01
484,1782579526378,0.040000000000000001,0,1.01
485,1782579526412,0.040000000000000001,0,1.01
486,1782579526428,0.040000000000000001,0,1.01
487,1782579526495,0.040000000000000001,0,1.01
488,1782579526578,0.040000000000000001,0,1.01
489,1782579526628,0.040000000000000001,0,1.01
490,1782579526661,0.040000000000000001,0,1.01
491,1782579526680,0.040000000000000001,0,1.01
492,1782579526711,0.040000000000000001,0.01,1.01
493,1782579526728,0.040000000000000001,0.01,1.01
494,1782579526761,0.040000000000000001,0.01,1.01
495,1782579526811,0.040000000000000001,0.01,1.01
496,1782579526845,0.040000000000000001,0.01,1.01
497,1782579526878,0.040000000000000001,0.01,1.01
498,1782579526912,0.040000000000000001,0,1.01
499,1782579526945,0.040000000000000001,0,1.01
500,1782579526978,0.040000000000000001,0,1.01
501,1782579527077,0.040000000000000001,0,1.01
502,1782579527161,0.040000000000000001,0.01,1.01
503,1782579527228,0.040000000000000001,0,1.01
504,1782579527244,0.040000000000000001,0,1.01
505,1782579527261,0.040000000000000001,0,1.01
506,1782579527344,0.040000000000000001,0,1.01
507,1782579527377,0.040000000000000001,0,1.01
508,1782579527444,0.040000000000000001,0,1.01
509,1782579527477,0.040000000000000001,0,1.01
510,1782579527560,0.040000000000000001,0,1.01
511,1782579527628,0.040000000000000001,0,1.02
512,1782579527660,0.040000000000000001,0,1.02
513,1782579527694,0.040000000000000001,0,1.01
514,1782579527877,0.040000000000000001,0,1.01
515,1782579527894,0.040000000000000001,0.01,1.01
516,1782579527911,0.040000000000000001,0.01,1.01
517,1782579527944,0.040000000000000001,0.01,1.01
518,1782579527944,0.040000000000000001,0.01,1.01
519,1782579528010,0.040000000000000001,0.01,1.01
520,1782579528077,0.040000000000000001,0.01,1.01
521,1782579528094,0.040000000000000001,0.01,1.01
522,1782579528160,0.040000000000000001,0.01,1.01
523,1782579528260,0.040000000000000001,0,1.01
524,1782579528294,0.040000000000000001,0,1.01
525,1782579528360,0.040000000000000001,0,1.01
526,1782579528410,0.040000000000000001,0,1.01
527,1782579528460,0.040000000000000001,0,1.01
528,1782579528477,0.040000000000000001,0,1.01
529,1782579528493,0.040000000000000001,0,1.01
530,1782579528526,0.040000000000000001,0,1.01
531,1782579528627,0.040000000000000001,0,1.01
532,1782579528643,0.040000000000000001,0.01,1.01
533,1782579528676,0.040000000000000001,0.01,1.01
534,1782579528743,0.040000000000000001,0.01,1.01
535,1782579528776,0.040000000000000001,0.01,1.01
536,1782579528826,0.040000000000000001,0.01,1.01
537,1782579528959,0.040000000000000001,0.01,1.01
538,1782579529009,0.040000000000000001,0.01,1.01
539,1782579529059,0.040000000000000001,0,1.01
540,1782579529126,0.040000000000000001,0.01,1.01
541,1782579529143,0.040000000000000001,0.01,1.01
542,1782579529176,0.040000000000000001,0,1.01
543,1782579529193,0.040000000000000001,0,1.01
544,1782579529242,0.040000000000000001,0,1.01
545,1782579529309,0.040000000000000001,0,1.01
546,1782579529342,0.040000000000000001,0,1.01
547,1782579529409,0.040000000000000001,0,1.01
548,1782579529442,0.040000000000000001,0,1.01
549,1782579529459,0.040000000000000001,0,1.01
550,1782579529492,0.040000000000000001,0,1.02
551,1782579529592,0.040000000000000001,0,1.02
552,1782579529676,0.040000000000000001,0,1.02
553,1782579529692,0.040000000000000001,0,1.01
554,1782579529775,0.040000000000000001,0,1.01
555,1782579529792,0.040000000000000001,0,1.01
556,1782579529826,0.040000000000000001,0,1.01
557,1782579529842,0.040000000000000001,0.01,1.01
558,1782579529893,0.040000000000000001,0.01,1.01
559,1782579529975,0.040000000000000001,0,1.01
560,1782579530025,0.040000000000000001,0.01,1.01
561,1782579530042,0.040000000000000001,0.01,1.01
562,1782579530059,0.040000000000000001,0.01,1.01
563,1782579530125,0.040000000000000001,0.01,1.01
564,1782579530159,0.040000000000000001,0.01,1.01
565,1782579530225,0.040000000000000001,0.01,1.01
566,1782579530375,0.040000000000000001,0,1.01
567,1782579530409,0.040000000000000001,0,1.01
568,1782579530441,0.040000000000000001,0,1.01
569,1782579530475,0.040000000000000001,0,1.01
570,1782579530525,0.040000000000000001,0.01,1.01
571,1782579530675,0.040000000000000001,0,1.01
572,1782579530708,0.040000000000000001,0,1.01
573,1782579530724,0.040000000000000001,0,1.01
574,1782579530741,0.040000000000000001,0,1.01
575,1782579530808,0.040000000000000001,0,1.01
576,1782579530841,0.040000000000000001,0,1.01
577,1782579530891,0.040000000000000001,0,1.01
578,1782579530958,0.040000000000000001,0,1.01
579,1782579531008,0.040000000000000001,0,1.01
580,1782579531074,0.040000000000000001,0,1.01
581,1782579531108,0.040000000000000001,0,1.01
582,1782579531274,0.040000000000000001,0,1.01
583,1782579531324,0.040000000000000001,0,1.01
584,1782579531391,0.040000000000000001,0,1.01
585,1782579531491,0.040000000000000001,0.01,1.01
586,1782579531574,0.040000000000000001,0.01,1.01
587,1782579531641,0.040000000000000001,0.01,1.01
588,1782579531691,0.040000000000000001,0.01,1.01
589,1782579531890,0.040000000000000001,0.01,1.01
590,1782579531957,0.040000000000000001,0,1.02
591,1782579532007,0.040000000000000001,0.01,1.01
592,1782579532074,0.040000000000000001,-0,1.02
593,1782579532140,0.029999999999999999,-0,1.02
594,1782579532190,0.029999999999999999,-0,1.02
595,1782579532257,0.040000000000000001,0,1.01
596,1782579532323,0.040000000000000001,0,1.02
597,1782579532340,0.040000000000000001,0,1.02
598,1782579532356,0.040000000000000001,0,1.02
599,1782579532406,0.040000000000000001,0,1.02
600,1782579532490,0.040000000000000001,0,1.01
601,1782579532524,0.040000000000000001,0,1.02
602,1782579532556,0.040000000000000001,0,1.02
603,1782579532590,0.040000000000000001,0,1.02
604,1782579532607,0.040000000000000001,0,1.01
605,1782579532623,0.040000000000000001,0,1.01
606,1782579532673,0.040000000000000001,0,1.01
607,1782579532789,0.040000000000000001,0,1.01
608,1782579532806,0.040000000000000001,0,1.01
609,1782579532840,0.040000000000000001,0,1.01
610,1782579532873,0.040000000000000001,0,1.01
611,1782579532890,0.040000000000000001,0,1.01
612,1782579532940,0.040000000000000001,0,1.01
613,1782579533056,0.040000000000000001,0,1.01
614,1782579533072,0.040000000000000001,0,1.01
615,1782579533106,0.040000000000000001,0,1.02
616,1782579533172,0.040000000000000001,0,1.02
617,1782579533207,0.040000000000000001,0,1.02
618,1782579533273,0.040000000000000001,0,1.01
619,1782579533306,0.040000000000000001,0,1.01
620,1782579533323,0.040000000000000001,0,1.01
621,1782579533356,0.040000000000000001,0,1.01
622,1782579533389,0.040000000000000001,0,1.01
623,1782579533456,0.040000000000000001,0.01,1.02
624,1782579533522,0.040000000000000001,0.01,1.01
625,1782579533589,0.040000000000000001,0.01,1.01
626,1782579533656,0.040000000000000001,0.01,1.01
627,1782579533689,0.040000000000000001,0,1.01
628,1782579533723,0.040000000000000001,0.01,1.01
629,1782579533789,0.040000000000000001,0.01,1.01
630,1782579533822,0.040000000000000001,0.01,1.01
631,1782579533872,0.040000000000000001,0.01,1.01
632,1782579533922,0.040000000000000001,0.01,1.01
633,1782579533972,0.040000000000000001,0,1.01
634,1782579534022,0.040000000000000001,0.01,1.01
635,1782579534072,0.040000000000000001,0,1.01
636,1782579534122,0.040000000000000001,0,1.01
637,1782579534188,0.040000000000000001,0,1.01
638,1782579534238,0.040000000000000001,0,1.01
639,1782579534289,0.040000000000000001,0,1.02
640,1782579534322,0.040000000000000001,0,1.02
641,1782579534438,0.040000000000000001,0,1.02
642,1782579534538,0.040000000000000001,0,1.01
643,1782579534555,0.040000000000000001,0,1.01
644,1782579534588,0.040000000000000001,0,1.01
645,1782579534604,0.040000000000000001,0,1.01
646,1782579534621,0.040000000000000001,0,1.01
647,1782579534771,0.040000000000000001,0.01,1.01
648,1782579534804,0.040000000000000001,0,1.01
649,1782579534821,0.040000000000000001,0,1.01
650,1782579534854,0.040000000000000001,0,1.01
651,1782579534871,0.040000000000000001,0,1.01
652,1782579534921,0.040000000000000001,0.01,1.01
653,1782579534987,0.040000000000000001,0.01,1.01
654,1782579535088,0.040000000000000001,0.01,1.01
655,1782579535104,0.040000000000000001,0.01,1.01
656,1782579535204,0.040000000000000001,0.01,1.01
657,1782579535237,0.040000000000000001,0.01,1.01
658,1782579535271,0.040000000000000001,0.01,1.01
659,1782579535320,0.040000000000000001,0.01,1.01
660,1782579535370,0.040000000000000001,0,1.01
661,1782579535404,0.040000000000000001,0,1.01
662,1782579535421,0.040000000000000001,0,1.01
663,1782579535470,0.040000000000000001,0,1.01
664,1782579535537,0.040000000000000001,0,1.01
665,1782579535570,0.040000000000000001,0,1.01
666,1782579535637,0.040000000000000001,0,1.01
667,1782579535703,0.040000000000000001,0.01,1.01
668,1782579535720,0.040000000000000001,0.01,1.02
669,1782579535737,0.040000000000000001,0.01,1.02
670,1782579535754,0.040000000000000001,0.01,1.02
671,1782579535804,0.040000000000000001,0.01,1.02
672,1782579535854,0.040000000000000001,0.01,1.01
673,1782579535920,0.040000000000000001,0.01,1.01
674,1782579535970,0.040000000000000001,0.01,1.01
675,1782579536021,0.040000000000000001,0,1.01
676,1782579536054,0.040000000000000001,0,1.01
677,1782579536120,0.040000000000000001,0,1.01
678,1782579536170,0.040000000000000001,0,1.01
679,1782579536253,0.040000000000000001,0,1.01
680,1782579536286,0.040000000000000001,0,1.01
681,1782579536320,0.040000000000000001,0,1.01
682,1782579536370,0.040000000000000001,0,1.01
683,1782579536437,0.040000000000000001,0,1.01
684,1782579536486,0.040000000000000001,0,1.01
685,1782579536537,0.040000000000000001,0,1.01
686,1782579536553,0.040000000000000001,0,1.01
687,1782579536587,0.040000000000000001,0,1.02
688,1782579536636,0.040000000000000001,0,1.02
689,1782579536703,0.040000000000000001,0,1.02
690,1782579536736,0.040000000000000001,0,1.02
691,1782579536803,0.040000000000000001,0,1.01
692,1782579536853,0.040000000000000001,0,1.01
693,1782579536919,0.040000000000000001,0,1.01
694,1782579536986,0.040000000000000001,0,1.01
695,1782579537036,0.040000000000000001,0,1.01
696,1782579537086,0.040000000000000001,0.01,1.01
697,1782579537119,0.040000000000000001,0.01,1.01
698,1782579537152,0.040000000000000001,0.01,1.01
699,1782579537252,0.040000000000000001,0.01,1.01
700,1782579537302,0.040000000000000001,0,1.01
701,1782579537403,0.040000000000000001,0,1.01
702,1782579537419,0.040000000000000001,0,1.01
703,1782579537453,0.040000000000000001,0,1.01
704,1782579537519,0.040000000000000001,0,1.02
705,1782579537552,0.040000000000000001,0,1.02
706,1782579537602,0.040000000000000001,0,1.02
707,1782579537652,0.040000000000000001,0,1.02
708,1782579537669,0.040000000000000001,0,1.02
709,1782579537685,0.040000000000000001,0,1.01
710,1782579537752,0.040000000000000001,0,1.01
711,1782579537835,0.040000000000000001,0,1.01
712,1782579537902,0.040000000000000001,0,1.01
713,1782579537952,0.040000000000000001,0,1.01
714,1782579538018,0.040000000000000001,0,1.01
715,1782579538102,0.040000000000000001,0,1.01
716,1782579538152,0.040000000000000001,0,1.01
717,1782579538185,0.040000000000000001,0,1.01
718,1782579538251,0.040000000000000001,0.01,1.01
719,1782579538285,0.040000000000000001,0,1.01
720,1782579538351,0.040000000000000001,0,1.01
721,1782579538385,0.040000000000000001,0,1.01
722,1782579538435,0.040000000000000001,0,1.01
723,1782579538485,0.040000000000000001,0,1.01
724,1782579538568,0.040000000000000001,0,1.01
725,1782579538585,0.040000000000000001,0,1.01
726,1782579538634,0.040000000000000001,0,1.02
727,1782579538702,0.040000000000000001,0,1.02
728,1782579538736,0.040000000000000001,0,1.01
729,1782579538801,0.040000000000000001,0,1.01
730,1782579538918,0.040000000000000001,0,1.01
731,1782579538951,0.040000000000000001,0,1.01
732,1782579539001,0.040000000000000001,0,1.01
733,1782579539068,0.040000000000000001,0,1.01
734,1782579539134,0.040000000000000001,0,1.01
735,1782579539151,0.040000000000000001,0,1.01
736,1782579539184,0.040000000000000001,0,1.01
737,1782579539251,0.040000000000000001,0,1.01
738,1782579539284,0.040000000000000001,0,1.01
739,1782579539367,0.040000000000000001,0,1.01
740,1782579539451,0.040000000000000001,0,1.01
741,1782579539584,0.040000000000000001,0,1.01
742,1782579539650,0.040000000000000001,0,1.01
743,1782579539801,0.040000000000000001,0,1.01
744,1782579539817,0.040000000000000001,0,1.01
745,1782579539884,0.040000000000000001,0,1.01
746,1782579539950,0.040000000000000001,0,1.01
747,1782579539984,0.040000000000000001,0,1.01
748,1782579539984,0.040000000000000001,0,1.01
749,1782579540033,0.040000000000000001,0,1.01
750,1782579540100,0.040000000000000001,0,1.01
751,1782579540133,0.040000000000000001,0,1.01
752,1782579540200,0.040000000000000001,0,1.01
753,1782579540283,0.040000000000000001,0,1.02
754,1782579540317,0.040000000000000001,0.01,1.01
755,1782579540450,0.040000000000000001,0.01,1.01
756,1782579540517,0.040000000000000001,0.01,1.01
757,1782579540616,0.040000000000000001,0.01,1.01
758,1782579540649,0.040000000000000001,0.01,1.01
759,1782579540716,0.040000000000000001,0.01,1.01
760,1782579540783,0.040000000000000001,0,1.01
761,1782579540817,0.040000000000000001,0,1.01
762,1782579540849,0.040000000000000001,0,1.01
763,1782579540916,0.040000000000000001,0,1.01
764,1782579540983,0.040000000000000001,0,1.01
765,1782579541034,0.040000000000000001,0,1.01
766,1782579541116,0.029999999999999999,0,1.02
767,1782579541167,0.029999999999999999,0,1.02
768,1782579541199,0.040000000000000001,0.01,1.01
769,1782579541299,0.040000000000000001,0.01,1.01
770,1782579541365,0.040000000000000001,0.01,1.01
771,1782579541432,0.040000000000000001,0.01,1.01
772,1782579541466,0.040000000000000001,0.01,1.01
773,1782579541516,0.040000000000000001,0.01,1.01
774,1782579541583,0.040000000000000001,0.01,1.01
775,1782579541599,0.040000000000000001,0.01,1.01
776,1782579541632,0.040000000000000001,0.01,1.01
777,1782579541682,0.040000000000000001,0.01,1.01
778,1782579541816,0.040000000000000001,0,1.01
779,1782579541849,0.040000000000000001,0,1.01
780,1782579541865,0.040000000000000001,0,1.01
781,1782579541916,0.040000000000000001,0,1.01
782,1782579541966,0.040000000000000001,0,1.01
783,1782579542049,0.040000000000000001,0,1.01
784,1782579542065,0.040000000000000001,0,1.01
785,1782579542083,0.040000000000000001,0,1.01
786,1782579542115,0.040000000000000001,0.01,1.01
787,1782579542133,0.040000000000000001,0.01,1.01
788,1782579542199,0.040000000000000001,0.01,1.01
789,1782579542232,0.040000000000000001,0.01,1.01
790,1782579542266,0.040000000000000001,0.01,1.01
791,1782579542331,0.040000000000000001,0.01,1.01
792,1782579542365,0.040000000000000001,0.01,1.01
793,1782579542398,0.040000000000000001,0.01,1.01
794,1782579542415,0.040000000000000001,0.01,1.01
795,1782579542465,0.040000000000000001,0.01,1.01
796,1782579542531,0.040000000000000001,0.01,1.01
797,1782579542664,0.040000000000000001,0,1.01
798,1782579542698,0.040000000000000001,0,1.01
799,1782579542764,0.040000000000000001,0,1.01
800,1782579542848,0.040000000000000001,0,1.01
801,1782579542915,0.040000000000000001,0,1.01
802,1782579542948,0.040000000000000001,0,1.01
803,1782579542965,0.040000000000000001,0,1.01
804,1782579542981,0.040000000000000001,0,1.01
805,1782579543014,0.040000000000000001,0,1.01
806,1782579543064,0.040000000000000001,0,1.01
807,1782579543147,0.040000000000000001,0,1.01
808,1782579543197,0.040000000000000001,0,1.01
809,1782579543231,0.040000000000000001,0,1.01
810,1782579543280,0.040000000000000001,0,1.01
811,1782579543364,0.040000000000000001,0,1.01
812,1782579543397,0.040000000000000001,0,1.01
813,1782579543447,0.040000000000000001,0,1.01
814,1782579543547,0.040000000000000001,0,1.01
815,1782579543598,0.040000000000000001,0,1.01
816,1782579543630,0.040000000000000001,0,1.01
817,1782579543697,0.040000000000000001,0,1.01
818,1782579543764,0.040000000000000001,0,1.01
819,1782579543865,0.040000000000000001,0,1.02
820,1782579543930,0.040000000000000001,0,1.02
821,1782579543981,0.040000000000000001,0,1.02
822,1782579544030,0.040000000000000001,0,1.01
823,1782579544097,0.040000000000000001,0,1.01
824,1782579544113,0.040000000000000001,0,1.01
825,1782579544246,0.040000000000000001,0,1.01
826,1782579544296,0.040000000000000001,0,1.01
827,1782579544363,0.040000000000000001,0,1.01
828,1782579544380,0.040000000000000001,0,1.01
829,1782579544463,0.040000000000000001,0.01,1.01
830,1782579544513,0.040000000000000001,0.01,1.01
831,1782579544580,0.040000000000000001,0.01,1.01
832,1782579544647,0.040000000000000001,0.01,1.01
833,1782579544680,0.040000000000000001,0,1.01
834,1782579544713,0.029999999999999999,0,1.01
835,1782579544780,0.029999999999999999,0,1.01
836,1782579544896,0.040000000000000001,0,1.02
837,1782579544929,0.040000000000000001,0,1.02
838,1782579544962,0.040000000000000001,0,1.02
839,1782579545062,0.040000000000000001,0,1.01
840,1782579545113,0.040000000000000001,0,1.01
841,1782579545162,0.040000000000000001,0.01,1.01
842,1782579545229,0.040000000000000001,0.01,1.01
843,1782579545279,0.040000000000000001,0,1.01
844,1782579545313,0.040000000000000001,0,1.01
845,1782579545412,0.040000000000000001,0,1.01
846,1782579545479,0.040000000000000001,0,1.01
847,1782579545512,0.040000000000000001,0,1.01
848,1782579545545,0.040000000000000001,0,1.01
849,1782579545562,0.040000000000000001,0,1.01
850,1782579545596,0.040000000000000001,0,1.01
851,1782579545612,0.040000000000000001,0,1.01
852,1782579545645,0.040000000000000001,0.01,1.01
853,1782579545712,0.040000000000000001,0.01,1.01
854,1782579545728,0.040000000000000001,0.01,1.01
855,1782579545778,0.040000000000000001,0.01,1.01
856,1782579545828,0.040000000000000001,0.01,1.01
857,1782579545878,0.040000000000000001,0.01,1.01
858,1782579545929,0.040000000000000001,0.01,1.01
859,1782579545995,0.040000000000000001,0,1.01
860,1782579546046,0.040000000000000001,0,1.01
861,1782579546095,0.040000000000000001,0,1.01
862,1782579546145,0.040000000000000001,0,1.01
863,1782579546195,0.040000000000000001,0,1.01
864,1782579546245,0.040000000000000001,0,1.01
865,1782579546328,0.040000000000000001,0,1.01
866,1782579546511,0.040000000000000001,0.01,1.01
867,1782579546545,0.040000000000000001,0,1.01
868,1782579546578,0.040000000000000001,0,1.01
869,1782579546729,0.040000000000000001,0,1.01
870,1782579546744,0.040000000000000001,0,1.01
871,1782579546828,0.040000000000000001,0,1.01
872,1782579546911,0.040000000000000001,0,1.01
873,1782579546978,0.040000000000000001,0,1.01
874,1782579547028,0.040000000000000001,0,1.02
875,1782579547079,0.040000000000000001,0,1.02
876,1782579547111,0.040000000000000001,0,1.01
877,1782579547178,0.040000000000000001,0,1.01
878,1782579547245,0.040000000000000001,0,1.01
879,1782579547278,0.040000000000000001,0,1.01
880,1782579547428,0.040000000000000001,0,1.01
881,1782579547527,0.040000000000000001,0,1.01
882,1782579547594,0.040000000000000001,0,1.01
883,1782579547694,0.040000000000000001,0,1.01
884,1782579547743,0.040000000000000001,0,1.01
885,1782579547777,0.040000000000000001,0,1.01
886,1782579547828,0.040000000000000001,0,1.01
887,1782579547877,0.040000000000000001,0,1.01
888,1782579547944,0.040000000000000001,0,1.01
889,1782579547977,0.040000000000000001,0,1.01
890,1782579548043,0.029999999999999999,0,1.01
891,1782579548077,0.02,-0,1.01
892,1782579548144,-0.01,-0,1.01
893,1782579548193,-0.02,-0,1.01
894,1782579548227,-0.02,-0,1
895,1782579548243,-0.040000000000000001,-0.01,1.01
896,1782579548294,0.01,-0.02,1.01
897,1782579548360,0.01,-0.01,1.01
898,1782579548394,-0,-0.01,1.02
899,1782579548410,-0,-0,1.03
900,1782579548510,-0,0,1.03
901,1782579548527,-0,0.01,1.03
902,1782579548560,-0,0.02,1.03
903,1782579548593,0.01,0,1.02
904,1782579548626,0.02,0,1.01
905,1782579548709,0.02,0.01,1.01
906,1782579548726,0.02,0.01,1
907,1782579548760,0.01,0.01,1
908,1782579548793,0.01,0,1.01
909,1782579548826,0.01,0,1.01
910,1782579548860,0.01,0.01,1.01
911,1782579548927,0.01,0.01,1.01
912,1782579548977,0.01,0.01,1.01
913,1782579549009,0.01,0.01,1.01
914,1782579549027,0.01,0.01,1.01
915,1782579549076,0.01,0.01,1.01
916,1782579549126,0,0.02,1
917,1782579549176,0.01,0.02,1.01
918,1782579549243,0.01,0.01,1.01
919,1782579549275,0.01,0,1.02
920,1782579549309,0.02,0,1.02
921,1782579549342,0.02,0,1.02
922,1782579549376,-0.02,-0,1.02
923,1782579549442,-0.029999999999999999,0,1.02
924,1782579549526,-0.029999999999999999,0.01,1.02
925,1782579549625,-0.029999999999999999,0.01,1.02
926,1782579549728,-0.01,-0.01,1.02
927,1782579549759,-0.01,-0.01,1.01
928,1782579549859,-0.01,0,1
929,1782579549909,-0.01,0.01,1.03
930,1782579549976,-0.01,0,1.03
931,1782579550009,-0.01,-0,1.03
932,1782579550059,-0.01,-0,1.03
933,1782579550125,-0.01,-0,1.01
934,1782579550175,-0.01,0.01,1.01
935,1782579550208,-0.01,0.01,1.01
936,1782579550275,-0.01,0.01,1.01
937,1782579550343,-0,0.01,1.02
938,1782579550425,-0,0.01,1.03
939,1782579550491,-0,0,1.02
940,1782579550542,-0,-0.02,1.01
941,1782579550591,-0,-0.02,1.01
942,1782579550658,-0.01,-0.01,1
943,1782579550692,-0.01,-0.01,1
944,1782579550741,0,-0.01,1.01
945,1782579550758,0,0,1
946,1782579550808,-0,0.01,1.01
947,1782579550925,-0,0.01,1.01
948,1782579550991,-0,0.01,1.01
949,1782579551041,-0,0.01,1.03
950,1782579551091,-0,0.01,1.02
951,1782579551141,-0.01,0.01,1.02
952,1782579551208,-0.01,0.01,1.02
953,1782579551241,-0.01,0.01,1.02
954,1782579551357,-0.02,0.01,1.03
955,1782579551374,-0.02,0.01,1.04
956,1782579551440,-0.02,0.01,1.04
957,1782579551474,-0.02,0.02,1.02
958,1782579551541,-0.02,0.02,1
959,1782579551557,-0,0.02,1.03
960,1782579551657,-0.01,0.02,1.03
961,1782579551673,-0.01,0.01,1.01
962,1782579551690,-0.01,0.01,1.01
963,1782579551740,-0.01,0.01,1.01
964,1782579551842,-0.02,0.029999999999999999,1.01
965,1782579551923,-0.02,0.02,1.01
966,1782579551990,-0.029999999999999999,0.029999999999999999,1.01
967,1782579552041,-0.029999999999999999,0.029999999999999999,0.98999999999999999
968,1782579552073,-0.029999999999999999,0.040000000000000001,1.01
969,1782579552124,-0.029999999999999999,0.050000000000000003,1.01
970,1782579552190,-0.029999999999999999,0.050000000000000003,1
971,1782579552256,-0.029999999999999999,0.050000000000000003,1
972,1782579552307,-0.029999999999999999,0.050000000000000003,1.01
973,1782579552390,-0.080000000000000002,0.040000000000000001,1.04
974,1782579552457,-0.070000000000000007,0.050000000000000003,1.04
975,1782579552523,-0.050000000000000003,0.040000000000000001,1.04
976,1782579552541,-0.050000000000000003,0.040000000000000001,1.04
977,1782579552607,-0.050000000000000003,0.040000000000000001,1.05
978,1782579552706,-0.070000000000000007,0.040000000000000001,1
979,1782579552773,-0.059999999999999998,0.050000000000000003,1
980,1782579552840,-0.059999999999999998,0.040000000000000001,1
981,1782579552874,-0.059999999999999998,0.040000000000000001,1
982,1782579552939,-0.070000000000000007,0.080000000000000002,1.0600000000000001
983,1782579553006,-0.070000000000000007,0.080000000000000002,1.0600000000000001
984,1782579553039,-0.070000000000000007,0.080000000000000002,1.0600000000000001
985,1782579553106,-0.059999999999999998,0.059999999999999998,1.0600000000000001
986,1782579553156,-0.059999999999999998,0.059999999999999998,1.0600000000000001
987,1782579553222,-0.059999999999999998,0.059999999999999998,1.01
988,1782579553322,-0.059999999999999998,0.059999999999999998,0.96999999999999997
989,1782579553356,-0.070000000000000007,0.059999999999999998,0.96999999999999997
990,1782579553489,-0.050000000000000003,0.12,0.98999999999999999
991,1782579553605,-0.040000000000000001,0.13,0.98999999999999999
992,1782579553639,-0.040000000000000001,0.13,1
993,1782579553705,-0.02,0.16,0.95999999999999996
994,1782579553722,-0.02,0.17999999999999999,0.95999999999999996
995,1782579553739,-0.02,0.20999999999999999,0.95999999999999996
996,1782579553789,-0.02,0.22,0.96999999999999997
997,1782579553905,-0.029999999999999999,0.22,1.01
998,1782579553972,-0.059999999999999998,0.16,0.94999999999999996
999,1782579554022,-0.11,0.17000000000000001,0.96999999999999997
1000,1782579554071,-0.11,0.17000000000000001,0.96999999999999997
1001,1782579554105,-0.11,0.17000000000000001,1.0700000000000001
1002,1782579554138,-0.080000000000000002,0.17000000000000001,1.0700000000000001
1003,1782579554205,-0.050000000000000003,0.17999999999999999,0.95999999999999996
1004,1782579554305,-0.050000000000000003,0.17999999999999999,0.98999999999999999
1005,1782579554355,-0.040000000000000001,0.17000000000000001,1.05
1006,1782579554422,-0.029999999999999999,0.16,1.0700000000000001
1007,1782579554455,-0.02,0.22,1.02
1008,1782579554571,0.01,0.23000000000000001,1.01
1009,1782579554638,0.01,0.23000000000000001,1.01
1010,1782579554721,0.02,0.19,0.93999999999999995
1011,1782579554788,0.02,0.20000000000000001,0.93000000000000005
1012,1782579554871,0.02,0.20999999999999999,0.92000000000000004
1013,1782579555005,-0,0.14000000000000001,0.98999999999999999
1014,1782579555021,-0,0.14999999999999999,0.97999999999999998
1015,1782579555071,-0.01,0.16,0.90000000000000002
1016,1782579555104,-0.01,0.16,0.97999999999999998
1017,1782579555171,-0.02,0.16,0.97999999999999998
1018,1782579555288,-0.02,0.16,0.90000000000000002
1019,1782579555321,-0.02,0.11,1.1000000000000001
1020,1782579555387,-0.02,0.10000000000000001,1.0600000000000001
1021,1782579555454,-0.040000000000000001,0.059999999999999998,1.0700000000000001
1022,1782579555487,-0.040000000000000001,0.050000000000000003,1.05
1023,1782579555537,-0.040000000000000001,0.050000000000000003,1.02
1024,1782579555588,-0.01,0.080000000000000002,0.93999999999999995
1025,1782579555654,0.01,0.080000000000000002,0.97999999999999998
1026,1782579555737,-0.38,1.0800000000000001,0.97999999999999998
1027,1782579555787,-0.01,0.059999999999999998,0.93999999999999995
1028,1782579555837,-0.029999999999999999,0.10000000000000001,0.85999999999999999
1029,1782579555904,-0.029999999999999999,0.10000000000000001,0.95999999999999996
1030,1782579555937,-0.029999999999999999,0.080000000000000002,1.04
1031,1782579556037,-0.029999999999999999,0.080000000000000002,1.0700000000000001
1032,1782579556120,-0.01,0.089999999999999997,1.01
1033,1782579556170,-0,0.040000000000000001,1.1100000000000001
1034,1782579556203,-0.01,0.029999999999999999,1.1100000000000001
1035,1782579556220,-0.01,0.02,1.1200000000000001
1036,1782579556237,-0.02,0.02,1.1100000000000001
1037,1782579556303,-0,0.02,1.0700000000000001
1038,1782579556370,-0.029999999999999999,0.17999999999999999,1.01
1039,1782579556453,-0.029999999999999999,0.17000000000000001,1.05
1040,1782579556537,-0.029999999999999999,0.11,1.1699999999999999
1041,1782579556570,-0.01,0.11,1.1699999999999999
1042,1782579556620,-0,0.13,1.03
1043,1782579556669,-0.029999999999999999,0.14000000000000001,1.03
1044,1782579556786,-0.029999999999999999,0.14000000000000001,1.03
1045,1782579556836,-0.02,0.17000000000000001,1
1046,1782579556852,-0.01,0.14999999999999999,0.98999999999999999
1047,1782579556919,-0.01,0.14000000000000001,0.98999999999999999
1048,1782579556969,-0.01,0.13,1.02
1049,1782579557119,-0,0.12,1
1050,1782579557185,0.01,0.12,1
1051,1782579557203,-0,0.12,1
1052,1782579557219,-0.01,0.12,1.05
1053,1782579557252,-0.01,0.11,1.05
1054,1782579557286,-0.050000000000000003,0.10000000000000001,1.05
1055,1782579557435,-0.080000000000000002,0.12,1.0600000000000001
1056,1782579557536,-0.080000000000000002,0.12,1
1057,1782579557585,-0.050000000000000003,0.11,1.0600000000000001
1058,1782579557618,-0.040000000000000001,0.12,1
1059,1782579557635,-0.02,0.12,0.95999999999999996
1060,1782579557652,-0.029999999999999999,0.14999999999999999,1.02
1061,1782579557685,-0.029999999999999999,0.14999999999999999,1.1000000000000001
1062,1782579557702,-0.029999999999999999,0.14999999999999999,1.1100000000000001
1063,1782579557735,-0.029999999999999999,0.14000000000000001,1.1100000000000001
1064,1782579557768,-0.029999999999999999,0.10000000000000001,1.1399999999999999
1065,1782579557785,-0.040000000000000001,0.089999999999999997,1.1399999999999999
1066,1782579557835,-0.040000000000000001,0.089999999999999997,1.1100000000000001
1067,1782579557902,0.01,0.089999999999999997,1.1100000000000001
1068,1782579557935,0.01,0.10000000000000001,1
1069,1782579557985,0,0.17000000000000001,0.93999999999999995
1070,1782579558035,-0,0.14000000000000001,0.98999999999999999
1071,1782579558085,0,0.12,0.98999999999999999
1072,1782579558151,-0,0.12,1.01
1073,1782579558219,-0.050000000000000003,0.13,1
1074,1782579558319,-0.059999999999999998,0.12,1.03
1075,1782579558351,-0.050000000000000003,0.089999999999999997,1.03
1076,1782579558384,-0.050000000000000003,0.080000000000000002,1.03
1077,1782579558401,-0.050000000000000003,0.080000000000000002,1.03
1078,1782579558468,-0.050000000000000003,0.059999999999999998,1.03
1079,1782579558518,-0.029999999999999999,0.11,0.97999999999999998
1080,1782579558584,-0.02,0.10000000000000001,0.97999999999999998
1081,1782579558684,-0,0.10000000000000001,0.98999999999999999
1082,1782579558767,0.01,-0.050000000000000003,1.02
1083,1782579558818,0.02,-0.050000000000000003,1.0800000000000001
1084,1782579558868,0.01,-0.050000000000000003,1.0800000000000001
1085,1782579558985,0.02,-0.01,1
1086,1782579559017,0.10000000000000001,0.02,1.0700000000000001
1087,1782579559067,0.10000000000000001,0.02,1.03
1088,1782579559140,0.080000000000000002,0.050000000000000003,1.01
1089,1782579559201,0.059999999999999998,0.059999999999999998,1.01
1090,1782579559301,0,0.17999999999999999,0.88
1091,1782579559318,-0,0.19,0.92000000000000004
1092,1782579559334,-0.029999999999999999,0.19,0.97999999999999998
1093,1782579559384,-0.080000000000000002,0.20000000000000001,0.97999999999999998
1094,1782579559467,-0.080000000000000002,0.20000000000000001,0.97999999999999998
1095,1782579559484,-0.050000000000000003,0.17999999999999999,0.88
1096,1782579559550,-0.080000000000000002,0.19,0.93000000000000005
1097,1782579559584,-0.080000000000000002,0.19,0.96999999999999997
1098,1782579559650,-0.080000000000000002,0.19,1.1000000000000001
1099,1782579559684,-0.080000000000000002,0.17999999999999999,1.1100000000000001
1100,1782579559717,-0.059999999999999998,0.17999999999999999,1.1499999999999999
1101,1782579559767,-0.059999999999999998,0.059999999999999998,1.04
1102,1782579559817,-0.050000000000000003,0.040000000000000001,1.05
1103,1782579559884,-0.029999999999999999,0.040000000000000001,1.05
1104,1782579559967,-0.029999999999999999,0.040000000000000001,1.05
1105,1782579560017,0.01,0.050000000000000003,1.04
1106,1782579560067,-0.029999999999999999,0.040000000000000001,1.02
1107,1782579560133,0,0.040000000000000001,1.0600000000000001
1108,1782579560166,-0,0.059999999999999998,1.0600000000000001
1109,1782579560200,-0.02,0.10000000000000001,0.94999999999999996
1110,1782579560217,-0.02,0.12,1.0600000000000001
1111,1782579560233,-0.01,0.12,0.94999999999999996
1112,1782579560266,-0.01,0.14999999999999999,0.94999999999999996
1113,1782579560299,-0.01,0.14999999999999999,1.0600000000000001
1114,1782579560350,-0.01,0.12,1.0600000000000001
1115,1782579560366,0.02,0.050000000000000003,0.94999999999999996
1116,1782579560384,0.029999999999999999,0.050000000000000003,0.94999999999999996
1117,1782579560483,0.029999999999999999,0.029999999999999999,1.02
1118,1782579560550,0.01,0.029999999999999999,1.05
1119,1782579560583,0,0.029999999999999999,1.05
1120,1782579560633,-0.050000000000000003,0.080000000000000002,0.98999999999999999
1121,1782579560683,-0.040000000000000001,0.080000000000000002,0.98999999999999999
1122,1782579560749,-0.040000000000000001,0.070000000000000007,0.98999999999999999
1123,1782579560782,-0.040000000000000001,0.070000000000000007,1
1124,1782579560849,-0.040000000000000001,0.070000000000000007,0.98999999999999999
1125,1782579560916,-0.070000000000000007,-0,1.0800000000000001
1126,1782579560966,-0.059999999999999998,-0,1.1000000000000001
1127,1782579561066,-0.059999999999999998,0.02,1.1000000000000001
1128,1782579561100,-0.040000000000000001,0.02,1.0600000000000001
1129,1782579561166,0.040000000000000001,0.01,0.98999999999999999
1130,1782579561216,0.029999999999999999,0.01,0.94999999999999996
1131,1782579561300,0.029999999999999999,0.01,0.94999999999999996
1132,1782579561332,0,0.01,0.94999999999999996
1133,1782579561399,0.070000000000000007,-0.029999999999999999,1.24
1134,1782579561482,0.070000000000000007,-0.050000000000000003,1.24
1135,1782579561550,0.070000000000000007,-0.050000000000000003,1.1499999999999999
1136,1782579561615,0.040000000000000001,-0.050000000000000003,1.1200000000000001
1137,1782579561632,0.029999999999999999,-0.080000000000000002,1.1100000000000001
1138,1782579561649,0.029999999999999999,-0.080000000000000002,1.0800000000000001
1139,1782579561683,0.029999999999999999,-0.070000000000000007,1.0800000000000001
1140,1782579561699,0.050000000000000003,0.040000000000000001,1.0800000000000001
1141,1782579561716,0.050000000000000003,0.040000000000000001,1.0800000000000001
1142,1782579561782,0.050000000000000003,0.040000000000000001,1.0800000000000001
1143,1782579561865,0.070000000000000007,0.050000000000000003,1.0800000000000001
1144,1782579561883,0.080000000000000002,0.01,0.92000000000000004
1145,1782579561915,0.080000000000000002,0.01,0.89000000000000001
1146,1782579561982,0.050000000000000003,0,0.94999999999999996
1147,1782579562048,0.050000000000000003,-0.040000000000000001,0.94999999999999996
1148,1782579562065,0.050000000000000003,-0.040000000000000001,0.97999999999999998
1149,1782579562115,0.050000000000000003,-0.040000000000000001,1.03
1150,1782579562215,0.040000000000000001,-0.01,1.01
1151,1782579562281,0.040000000000000001,-0.01,1.0600000000000001
1152,1782579562348,0.050000000000000003,0.040000000000000001,1.0600000000000001
1153,1782579562414,0.050000000000000003,-0,1.0600000000000001
1154,1782579562431,0.080000000000000002,-0,1.1000000000000001
1155,1782579562448,0.11,0.02,1
1156,1782579562515,0.12,0.02,1
1157,1782579562548,0.13,0.029999999999999999,0.98999999999999999
1158,1782579562597,0.13,0.040000000000000001,0.98999999999999999
1159,1782579562631,0.12,0.040000000000000001,1.02
1160,1782579562665,0.12,0.050000000000000003,0.98999999999999999
1161,1782579562682,0.12,0.050000000000000003,0.98999999999999999
1162,1782579562714,0.11,0.040000000000000001,1.02
1163,1782579562732,0.089999999999999997,0.040000000000000001,0.98999999999999999
1164,1782579562764,0.059999999999999998,0.14999999999999999,1.0800000000000001
1165,1782579562865,0.02,0.14999999999999999,1.0800000000000001
1166,1782579562881,0.02,0.16,1.0600000000000001
1167,1782579562948,0.02,0.17000000000000001,1
1168,1782579562999,0.029999999999999999,0.17000000000000001,1
1169,1782579563031,0.059999999999999998,0.050000000000000003,1.0600000000000001
1170,1782579563114,0.070000000000000007,0.050000000000000003,1.0600000000000001
1171,1782579563181,0.080000000000000002,0.050000000000000003,1.0600000000000001
1172,1782579563214,0.10000000000000001,0.040000000000000001,0.98999999999999999
1173,1782579563364,0.070000000000000007,0.089999999999999997,1.0800000000000001
1174,1782579563415,0.070000000000000007,0.089999999999999997,1.1100000000000001
1175,1782579563480,0.080000000000000002,0.089999999999999997,1.1100000000000001
1176,1782579563498,0.080000000000000002,0.13,1.03
1177,1782579563564,0.080000000000000002,0.13,1.03
1178,1782579563598,0.040000000000000001,0.14000000000000001,1.04
1179,1782579563680,0.029999999999999999,0.14000000000000001,1.03
1180,1782579563764,0.10000000000000001,0.20000000000000001,0.94999999999999996
1181,1782579563864,0.070000000000000007,0.20000000000000001,0.96999999999999997
1182,1782579563897,0.050000000000000003,0.19,0.96999999999999997
1183,1782579563931,0.040000000000000001,0.19,0.96999999999999997
1184,1782579563948,0.040000000000000001,0.17999999999999999,0.97999999999999998
1185,1782579563998,0.040000000000000001,0.19,0.98999999999999999
1186,1782579564114,0,0.14000000000000001,0.98999999999999999
1187,1782579564197,0,0.14000000000000001,1.02
1188,1782579564213,0,0.14000000000000001,1.02
1189,1782579564281,0,0.26000000000000001,0.95999999999999996
1190,1782579564347,0.01,0.26000000000000001,0.95999999999999996
1191,1782579564480,0.01,0.23999999999999999,1.01
1192,1782579564513,0.01,0.20000000000000001,1.04
1193,1782579564546,0.01,0.20999999999999999,1.0900000000000001
1194,1782579564630,0.01,0.17000000000000001,1.0900000000000001
1195,1782579564730,0.01,0.17000000000000001,1.0900000000000001
1196,1782579564796,0.02,0.19,0.91000000000000003
1197,1782579564812,0.02,0.19,1.0600000000000001
1198,1782579564846,0.02,0.16,1.1100000000000001
1199,1782579564863,0.02,0.16,1.1399999999999999
1200,1782579564929,-0,0.16,1.1399999999999999
1201,1782579564962,-0,0.20000000000000001,1.1399999999999999
1202,1782579565013,0.01,0.22,1.1299999999999999
1203,1782579565063,0,0.22,1.1299999999999999
1204,1782579565180,0.059999999999999998,0.14999999999999999,0.95999999999999996
1205,1782579565279,0.059999999999999998,0.17000000000000001,0.95999999999999996
1206,1782579565379,0.040000000000000001,0.23999999999999999,0.98999999999999999
1207,1782579565413,0.040000000000000001,0.23999999999999999,0.90000000000000002
1208,1782579565479,0.01,0.25,0.90000000000000002
1209,1782579565512,-0.01,0.25,0.88
1210,1782579565580,-0.01,0.23999999999999999,0.88
1211,1782579565613,-0.01,0.28999999999999998,0.91000000000000003
1212,1782579565630,0.01,0.28999999999999998,0.91000000000000003
1213,1782579565728,-0.01,0.28000000000000003,0.93000000000000005
1214,1782579565746,-0.02,0.25,1
1215,1782579565795,-0.02,0.22,1.03
1216,1782579565812,0.01,0.22,1.03
1217,1782579565879,-0.01,0.23999999999999999,1.02
1218,1782579565929,-0.01,0.20000000000000001,1.05
1219,1782579565996,-0.01,0.19,1.0600000000000001
1220,1782579566045,-0.01,0.19,1.05
1221,1782579566095,-0.01,0.19,1.05
1222,1782579566128,-0,0.20999999999999999,1.03
1223,1782579566145,0.040000000000000001,0.26000000000000001,1.01
1224,1782579566196,0.050000000000000003,0.26000000000000001,1.01
1225,1782579566311,0.059999999999999998,0.26000000000000001,1.05
1226,1782579566362,0.059999999999999998,0.23000000000000001,1.05
1227,1782579566412,0,0.29999999999999999,1.03
1228,1782579566494,0.01,0.25,1.0900000000000001
1229,1782579566545,0.01,0.25,1.0900000000000001
1230,1782579566611,0.01,0.25,1.0900000000000001
1231,1782579566744,0.02,0.23999999999999999,0.97999999999999998
1232,1782579566811,-0,0.23999999999999999,0.93000000000000005
1233,1782579566877,-0.01,0.32000000000000001,0.93000000000000005
1234,1782579566895,0.080000000000000002,0.23000000000000001,0.94999999999999996
1235,1782579566927,0.080000000000000002,0.33000000000000002,0.92000000000000004
1236,1782579566944,0.080000000000000002,0.39000000000000001,0.94999999999999996
1237,1782579566977,0.059999999999999998,0.39000000000000001,0.94999999999999996
1238,1782579566995,0.059999999999999998,0.39000000000000001,1.0600000000000001
1239,1782579567094,0.050000000000000003,0.39000000000000001,1.0900000000000001
1240,1782579567212,-0.01,0.23000000000000001,0.92000000000000004
1241,1782579567245,-0.01,0.20000000000000001,0.95999999999999996
1242,1782579567261,-0.01,0.20000000000000001,1.0800000000000001
1243,1782579567295,-0.02,0.20000000000000001,1.1000000000000001
1244,1782579567311,-0.02,0.20000000000000001,1.1299999999999999
1245,1782579567328,-0.040000000000000001,0.20999999999999999,1.1000000000000001
1246,1782579567394,-0.050000000000000003,0.20999999999999999,1.1000000000000001
1247,1782579567444,-0.050000000000000003,0.16,1.1000000000000001
1248,1782579567527,-0.050000000000000003,0.16,1.1699999999999999
1249,1782579567578,0.040000000000000001,0.20999999999999999,1.1200000000000001
1250,1782579567660,0.040000000000000001,0.20999999999999999,1.1100000000000001
1251,1782579567777,0.059999999999999998,0.22,1.0800000000000001
1252,1782579567810,0.059999999999999998,0.22,1.0800000000000001
1253,1782579567843,0.02,0.22,0.95999999999999996
1254,1782579567894,0.02,0.25,0.91000000000000003
1255,1782579567976,0.01,0.26000000000000001,0.91000000000000003
1256,1782579568043,0.01,0.28999999999999998,1.1200000000000001
1257,1782579568043,0.01,0.28000000000000003,1.0900000000000001
1258,1782579568076,-0,0.27000000000000002,1.1499999999999999
1259,1782579568093,-0,0.27000000000000002,1.1499999999999999
1260,1782579568160,-0,0.25,1.1299999999999999
1261,1782579568210,-0,0.25,1.0600000000000001
1262,1782579568293,0,0.28000000000000003,0.98999999999999999
1263,1782579568376,0.01,0.28000000000000003,1.03
1264,1782579568409,0.02,0.28999999999999998,1.0800000000000001
1265,1782579568426,0.029999999999999999,0.28999999999999998,1.0800000000000001
1266,1782579568460,0.029999999999999999,0.28999999999999998,1.0800000000000001
1267,1782579568493,0.02,0.31,0.98999999999999999
1268,1782579568560,0.070000000000000007,0.20999999999999999,1.03
1269,1782579568659,0.10000000000000001,0.14999999999999999,0.94999999999999996
1270,1782579568726,0.10000000000000001,0.14999999999999999,0.94999999999999996
1271,1782579568793,0.070000000000000007,0.14999999999999999,0.90000000000000002
1272,1782579568810,0.02,0.25,0.89000000000000001
1273,1782579568860,0.02,0.26000000000000001,0.89000000000000001
1274,1782579568909,0.01,0.26000000000000001,0.95999999999999996
1275,1782579569042,0,0.26000000000000001,1
1276,1782579569076,0,0.26000000000000001,1.03
1277,1782579569159,-0.080000000000000002,0.28000000000000003,1.03
1278,1782579569309,-0.070000000000000007,0.27000000000000002,1.03
1279,1782579569325,-0.02,0.23999999999999999,0.98999999999999999
1280,1782579569342,-0.01,0.19,1.1299999999999999
1281,1782579569375,-0.01,0.19,1.1299999999999999
1282,1782579569409,0,0.19,1.1299999999999999
1283,1782579569443,0.029999999999999999,0.23000000000000001,1
1284,1782579569559,0.029999999999999999,0.25,0.94999999999999996
1285,1782579569659,0.040000000000000001,0.23999999999999999,0.91000000000000003
1286,1782579569725,0.01,0.25,1
1287,1782579569759,-0,0.23999999999999999,1
1288,1782579569825,-0.01,0.25,1.04
1289,1782579569875,-0.01,0.26000000000000001,1.2
1290,1782579569925,-0.02,0.25,1.2
1291,1782579570025,0.070000000000000007,0.22,1.1799999999999999
1292,1782579570092,0.070000000000000007,0.22,1.0900000000000001
1293,1782579570141,0.050000000000000003,0.26000000000000001,1.03
1294,1782579570209,0.029999999999999999,0.26000000000000001,0.95999999999999996
1295,1782579570325,0.02,0.17000000000000001,1.04
1296,1782579570408,0.02,0.17000000000000001,1.01
1297,1782579570476,-0.01,0.17000000000000001,1.01
1298,1782579570508,0.040000000000000001,0.28999999999999998,0.97999999999999998
1299,1782579570542,0.040000000000000001,0.26000000000000001,0.97999999999999998
1300,1782579570608,0.059999999999999998,0.23999999999999999,1
1301,1782579570741,0.059999999999999998,0.17999999999999999,1
1302,1782579570758,0.059999999999999998,0.23000000000000001,1.05
1303,1782579570792,0.040000000000000001,0.23999999999999999,1.03
1304,1782579570858,0.029999999999999999,0.28000000000000003,1.03
1305,1782579570924,0.029999999999999999,0.34999999999999998,0.96999999999999997
1306,1782579571024,0.02,0.20000000000000001,0.87
1307,1782579571057,0.01,0.20000000000000001,0.87
1308,1782579571091,-0.029999999999999999,0.22,0.87
1309,1782579571108,-0.040000000000000001,0.23999999999999999,0.87
1310,1782579571124,-0.050000000000000003,0.27000000000000002,0.87
1311,1782579571158,-0.050000000000000003,0.27000000000000002,0.87
1312,1782579571208,-0.050000000000000003,0.27000000000000002,0.87
1313,1782579571290,0,0.17999999999999999,1.0700000000000001
1314,1782579571357,0.029999999999999999,0.17999999999999999,0.93999999999999995
1315,1782579571424,0.029999999999999999,0.19,0.87
1316,1782579571440,0.029999999999999999,0.23999999999999999,0.81999999999999995
1317,1782579571474,0.029999999999999999,0.23999999999999999,0.81999999999999995
1318,1782579571490,0.02,0.23999999999999999,0.81999999999999995
1319,1782579571541,-0,0.17999999999999999,0.94999999999999996
1320,1782579571575,-0.02,0.27000000000000002,1.03
1321,1782579571657,-0.02,0.27000000000000002,1.1100000000000001
1322,1782579571707,-0,0.23999999999999999,1.3899999999999999
1323,1782579571757,0.050000000000000003,0.19,1.3899999999999999
1324,1782579571840,0.059999999999999998,0.28999999999999998,1.1499999999999999
1325,1782579571957,0.080000000000000002,0.28999999999999998,1.1000000000000001
1326,1782579572007,0.080000000000000002,0.28000000000000003,1.0700000000000001
1327,1782579572057,0.089999999999999997,0.27000000000000002,1.04
1328,1782579572090,0.059999999999999998,0.19,1.01
1329,1782579572140,0.050000000000000003,0.19,1.01
1330,1782579572190,0.029999999999999999,0.19,1.01
1331,1782579572274,0.029999999999999999,0.20999999999999999,1
1332,1782579572323,0.029999999999999999,0.22,1
1333,1782579572357,0.029999999999999999,0.22,1
1334,1782579572390,0.029999999999999999,0.22,1.02
1335,1782579572406,0.059999999999999998,0.17999999999999999,1.02
1336,1782579572423,0.070000000000000007,0.13,0.88
1337,1782579572473,0.070000000000000007,0.13,0.91000000000000003
1338,1782579572507,0.059999999999999998,0.14999999999999999,0.91000000000000003
1339,1782579572523,0.059999999999999998,0.16,0.91000000000000003
1340,1782579572540,0.050000000000000003,0.16,0.98999999999999999
1341,1782579572573,0.040000000000000001,0.16,0.98999999999999999
1342,1782579572640,0.01,0.16,1.0900000000000001
1343,1782579572806,-0.050000000000000003,0.19,1.1000000000000001
1344,1782579572856,-0.050000000000000003,0.17000000000000001,1.1399999999999999
1345,1782579572873,-0.050000000000000003,0.17000000000000001,1.1399999999999999
1346,1782579572922,0.040000000000000001,0.14999999999999999,1.1799999999999999
1347,1782579573056,0.029999999999999999,0.17000000000000001,1
1348,1782579573089,0.029999999999999999,0.14999999999999999,1.05
1349,1782579573156,0.029999999999999999,0.14000000000000001,1.1299999999999999
1350,1782579573190,0.02,0.14000000000000001,1.1299999999999999
1351,1782579573222,0.029999999999999999,0.089999999999999997,1.1200000000000001
1352,1782579573322,0.040000000000000001,0.089999999999999997,1.03
1353,1782579573406,0.040000000000000001,0.089999999999999997,1.03
1354,1782579573472,0.040000000000000001,0.089999999999999997,0.94999999999999996
1355,1782579573506,0.070000000000000007,0.17000000000000001,1.01
1356,1782579573556,0.070000000000000007,0.13,1.04
1357,1782579573622,0.070000000000000007,0.12,1.04
1358,1782579573788,-0.01,0.14000000000000001,0.91000000000000003
1359,1782579573855,-0.029999999999999999,0.13,0.97999999999999998
1360,1782579573888,-0.029999999999999999,0.12,0.97999999999999998
1361,1782579573939,-0.040000000000000001,0.11,0.97999999999999998
1362,1782579573972,0.040000000000000001,0.12,1.0600000000000001
1363,1782579574105,0.040000000000000001,0.11,1.05
1364,1782579574138,0.050000000000000003,0.10000000000000001,1.03
1365,1782579574155,0.059999999999999998,0.059999999999999998,1.01
1366,1782579574172,0.080000000000000002,0.059999999999999998,0.92000000000000004
1367,1782579574288,-0.02,0.080000000000000002,0.90000000000000002
1368,1782579574371,-0.029999999999999999,0.10000000000000001,0.90000000000000002
1369,1782579574454,-0.040000000000000001,0.10000000000000001,0.91000000000000003
1370,1782579574488,-0.040000000000000001,0.10000000000000001,0.94999999999999996
1371,1782579574521,-0.040000000000000001,0.10000000000000001,1.0600000000000001
1372,1782579574554,-0,0.089999999999999997,1.02
1373,1782579574621,-0,0.089999999999999997,1.0900000000000001
1374,1782579574704,-0.01,0.080000000000000002,1.0900000000000001
1375,1782579574738,-0.01,0.080000000000000002,1.0900000000000001
1376,1782579574754,-0.01,0.080000000000000002,1.0900000000000001
1377,1782579574788,-0.029999999999999999,0.080000000000000002,0.98999999999999999
1378,1782579574805,-0.029999999999999999,0.059999999999999998,0.98999999999999999
1379,1782579574821,0,0.080000000000000002,0.94999999999999996
1380,1782579574854,-0.02,0.02,1.0900000000000001
1381,1782579574938,0.01,0.02,1.0900000000000001
1382,1782579574954,0.02,0.02,1.02
1383,1782579574988,0.040000000000000001,0.02,1.02
1384,1782579575005,0.040000000000000001,0.02,1.01
1385,1782579575038,0.040000000000000001,0.02,0.96999999999999997
1386,1782579575087,0.02,0.02,0.96999999999999997
1387,1782579575121,0.040000000000000001,0.01,1.01
1388,1782579575171,0.029999999999999999,0.01,1
1389,1782579575371,-0.01,0.01,1.02
1390,1782579575437,-0.01,0.02,1.02
1391,1782579575521,0.01,0.029999999999999999,1.01
1392,1782579575587,-0.01,0.029999999999999999,1.01
1393,1782579575654,0.050000000000000003,-0,0.90000000000000002
1394,1782579575687,0.050000000000000003,-0,0.90000000000000002
1395,1782579575754,0.050000000000000003,0.01,0.90000000000000002
1396,1782579575820,0.029999999999999999,0.040000000000000001,0.90000000000000002
1397,1782579575920,-0.02,0.029999999999999999,0.94999999999999996
1398,1782579575987,-0.029999999999999999,-0.029999999999999999,1.0600000000000001
1399,1782579576054,-0.029999999999999999,-0.040000000000000001,1.1299999999999999
1400,1782579576103,-0.029999999999999999,-0.050000000000000003,1.1299999999999999
1401,1782579576203,0,-0.17000000000000001,0.94999999999999996
1402,1782579576253,0,-0.17000000000000001,0.93999999999999995
1403,1782579576270,0.01,-0.16,0.93000000000000005
1404,1782579576336,0.02,-0.14000000000000001,0.93000000000000005
1405,1782579576370,0.02,-0.16,0.93000000000000005
1406,1782579576403,0.080000000000000002,-0.17000000000000001,1.04
1407,1782579576453,0.080000000000000002,-0.17000000000000001,1.04
1408,1782579576486,0.080000000000000002,-0.16,1.02
1409,1782579576536,0.080000000000000002,-0.14999999999999999,1.02
1410,1782579576603,0.040000000000000001,-0.14000000000000001,1.02
1411,1782579576636,0.040000000000000001,-0.14000000000000001,1.02
1412,1782579576653,0.01,-0.17999999999999999,1.03
1413,1782579576686,0.01,-0.17999999999999999,1.03
1414,1782579576736,0.01,-0.19,1.04
1415,1782579576836,0.029999999999999999,-0.19,1.04
1416,1782579576919,0.029999999999999999,-0.22,1.04
1417,1782579576986,0.050000000000000003,-0.16,0.92000000000000004
1418,1782579577036,0.029999999999999999,-0.14999999999999999,0.91000000000000003
1419,1782579577102,0.029999999999999999,-0.14000000000000001,0.89000000000000001
1420,1782579577135,0.029999999999999999,-0.14000000000000001,0.89000000000000001
1421,1782579577186,0.029999999999999999,-0.14000000000000001,0.91000000000000003
1422,1782579577219,0.040000000000000001,-0.14000000000000001,0.96999999999999997
1423,1782579577236,0.040000000000000001,-0.14000000000000001,0.97999999999999998
1424,1782579577336,0.080000000000000002,-0.19,1.0600000000000001
1425,1782579577369,0.080000000000000002,-0.17999999999999999,1.02
1426,1782579577435,0.10000000000000001,-0.17999999999999999,1.0600000000000001
1427,1782579577469,0.10000000000000001,-0.17999999999999999,1.02
1428,1782579577485,0.10000000000000001,-0.17000000000000001,1.02
1429,1782579577535,0.070000000000000007,-0.19,0.96999999999999997
1430,1782579577635,0.059999999999999998,-0.20000000000000001,0.96999999999999997
1431,1782579577685,0.040000000000000001,-0.20000000000000001,0.95999999999999996
1432,1782579577735,0.029999999999999999,-0.20000000000000001,0.95999999999999996
1433,1782579577802,0.070000000000000007,-0.089999999999999997,0.98999999999999999
1434,1782579577868,0.040000000000000001,-0.089999999999999997,0.98999999999999999
1435,1782579577918,0.040000000000000001,-0.089999999999999997,0.98999999999999999
1436,1782579577952,0.040000000000000001,-0.089999999999999997,0.97999999999999998
1437,1782579578019,0.040000000000000001,-0.11,0.98999999999999999
1438,1782579578119,0.059999999999999998,-0.26000000000000001,1.1899999999999999
1439,1782579578186,0.059999999999999998,-0.27000000000000002,1.1899999999999999
1440,1782579578235,0.050000000000000003,-0.27000000000000002,1.1899999999999999
1441,1782579578268,0.059999999999999998,-0.14999999999999999,1.1100000000000001
1442,1782579578302,0.050000000000000003,-0.14999999999999999,1.04
1443,1782579578318,0.040000000000000001,-0.12,1.04
1444,1782579578385,0.040000000000000001,-0.12,0.98999999999999999
1445,1782579578501,0.01,-0.12,0.98999999999999999
1446,1782579578518,0.089999999999999997,-0.19,0.91000000000000003
1447,1782579578585,0.059999999999999998,-0.17000000000000001,0.89000000000000001
1448,1782579578601,0.059999999999999998,-0.17000000000000001,0.89000000000000001
1449,1782579578634,0.059999999999999998,-0.17000000000000001,0.91000000000000003
1450,1782579578651,0.050000000000000003,-0.20999999999999999,0.98999999999999999
1451,1782579578701,0.059999999999999998,-0.26000000000000001,1.05
1452,1782579578818,-0.02,-0.080000000000000002,0.80000000000000004
1453,1782579578901,-0.029999999999999999,-0.080000000000000002,0.87
1454,1782579578951,-0.050000000000000003,-0.089999999999999997,0.96999999999999997
1455,1782579579001,-0.050000000000000003,-0.17000000000000001,1.01
1456,1782579579017,-0.029999999999999999,-0.23999999999999999,1.2
1457,1782579579034,-0.029999999999999999,-0.26000000000000001,1.23
1458,1782579579101,0.02,-0.29999999999999999,1.1499999999999999
1459,1782579579184,0.029999999999999999,-0.28000000000000003,1.1100000000000001
1460,1782579579251,0.029999999999999999,-0.28000000000000003,1.1100000000000001
1461,1782579579317,0.029999999999999999,-0.26000000000000001,1.0700000000000001
1462,1782579579350,0.070000000000000007,-0.14999999999999999,1.1399999999999999
1463,1782579579417,0.089999999999999997,-0.16,1.1299999999999999
1464,1782579579450,0.089999999999999997,-0.17000000000000001,1.1000000000000001
1465,1782579579500,0.089999999999999997,-0.17999999999999999,1.0900000000000001
1466,1782579579550,0.089999999999999997,-0.23999999999999999,1.03
1467,1782579579584,0.080000000000000002,-0.25,1.01
1468,1782579579617,0.080000000000000002,-0.25,1.03
1469,1782579579650,0.080000000000000002,-0.25,1.05
1470,1782579579701,0.029999999999999999,-0.19,1.05
1471,1782579579767,0.040000000000000001,-0.19,1.04
1472,1782579579817,0.050000000000000003,-0.20000000000000001,0.94999999999999996
1473,1782579579867,0.040000000000000001,-0.20999999999999999,0.94999999999999996
1474,1782579579900,0.059999999999999998,-0.22,0.93999999999999995
1475,1782579579934,0.050000000000000003,-0.19,0.93000000000000005
1476,1782579579967,0.050000000000000003,-0.19,0.95999999999999996
1477,1782579580033,0.050000000000000003,-0.20000000000000001,0.95999999999999996
1478,1782579580100,0.050000000000000003,-0.20999999999999999,0.98999999999999999
1479,1782579580166,0.050000000000000003,-0.25,1.0700000000000001
1480,1782579580233,0.050000000000000003,-0.12,0.93000000000000005
1481,1782579580266,0.059999999999999998,-0.14999999999999999,0.95999999999999996
1482,1782579580317,0.070000000000000007,-0.17000000000000001,1.04
1483,1782579580383,0.080000000000000002,-0.17000000000000001,0.95999999999999996
1484,1782579580466,0.02,-0.17999999999999999,1
1485,1782579580483,0.02,-0.12,1.02
1486,1782579580550,0.01,-0.12,1.02
1487,1782579580633,0.01,-0.12,1.02
1488,1782579580700,0.01,-0.16,1.0800000000000001
1489,1782579580717,0.040000000000000001,-0.11,0.93999999999999995
1490,1782579580849,0.070000000000000007,-0.14999999999999999,1.01
1491,1782579580899,0.070000000000000007,-0.14999999999999999,1.03
1492,1782579580967,0.029999999999999999,-0.17000000000000001,1
1493,1782579581000,0.02,-0.20000000000000001,1.05
1494,1782579581032,0.02,-0.20000000000000001,1.05
1495,1782579581049,0.02,-0.22,1.05
1496,1782579581066,0.02,-0.22,1.0600000000000001
1497,1782579581150,0.02,-0.20000000000000001,1.05
1498,1782579581249,0.070000000000000007,-0.19,1.03
1499,1782579581299,0.070000000000000007,-0.17999999999999999,0.93000000000000005
1500,1782579581349,0.070000000000000007,-0.17999999999999999,0.93000000000000005
1501,1782579581382,0.029999999999999999,-0.17999999999999999,0.90000000000000002
1502,1782579581415,0.029999999999999999,-0.17999999999999999,0.85999999999999999
1503,1782579581432,0.029999999999999999,-0.17000000000000001,0.84999999999999998
1504,1782579581549,0.040000000000000001,-0.23999999999999999,1.0700000000000001
1505,1782579581582,0.26000000000000001,-0.19,1.2
1506,1782579581648,0.040000000000000001,-0.17999999999999999,1.01
1507,1782579581732,0.040000000000000001,-0.17999999999999999,1.01
1508,1782579581748,0.029999999999999999,-0.17999999999999999,1.0800000000000001
1509,1782579581815,0.029999999999999999,-0.17999999999999999,1.0900000000000001
1510,1782579581882,0.040000000000000001,-0.17999999999999999,1.1200000000000001
1511,1782579581932,0.050000000000000003,-0.19,1.1200000000000001
1512,1782579581982,0.050000000000000003,-0.19,1.1200000000000001
1513,1782579581998,0.050000000000000003,-0.19,1.1200000000000001
1514,1782579582015,0.050000000000000003,-0.19,1.0900000000000001
1515,1782579582048,0.070000000000000007,-0.17999999999999999,1.0700000000000001
1516,1782579582065,0.070000000000000007,-0.17000000000000001,1.03
1517,1782579582115,0.059999999999999998,-0.22,1.02
1518,1782579582132,0.040000000000000001,-0.19,0.96999999999999997
1519,1782579582232,0.02,-0.17999999999999999,0.96999999999999997
1520,1782579582281,0.02,-0.16,1.04
1521,1782579582298,0.02,-0.16,1.02
1522,1782579582365,0.02,-0.14000000000000001,1.0800000000000001
1523,1782579582431,0.02,-0.14000000000000001,1.0800000000000001
1524,1782579582482,0,-0.20000000000000001,1.1599999999999999
1525,1782579582514,0,-0.23000000000000001,1.0800000000000001
1526,1782579582631,0.070000000000000007,-0.32000000000000001,1.0900000000000001
1527,1782579582698,0.070000000000000007,-0.28999999999999998,1
1528,1782579582748,0.070000000000000007,-0.23999999999999999,1
1529,1782579582781,0.070000000000000007,-0.16,0.93999999999999995
1530,1782579582881,0.029999999999999999,-0.27000000000000002,1.02
1531,1782579582931,0.029999999999999999,-0.27000000000000002,0.93999999999999995
1532,1782579582981,0.029999999999999999,-0.26000000000000001,0.93999999999999995
1533,1782579583081,0.059999999999999998,-0.23000000000000001,0.93999999999999995
1534,1782579583131,0,-0.17999999999999999,1.04
1535,1782579583164,0.02,-0.17999999999999999,1.04
1536,1782579583298,0.040000000000000001,-0.17999999999999999,1.04
1537,1782579583331,0.050000000000000003,-0.17999999999999999,1.03
1538,1782579583364,0.070000000000000007,-0.31,1.0600000000000001
1539,1782579583381,0.089999999999999997,-0.23000000000000001,1.05
1540,1782579583398,0.089999999999999997,-0.20999999999999999,0.95999999999999996
1541,1782579583430,0.089999999999999997,-0.17000000000000001,0.95999999999999996
1542,1782579583497,0.029999999999999999,-0.17000000000000001,0.95999999999999996
1543,1782579583597,0.029999999999999999,-0.17000000000000001,0.95999999999999996
1544,1782579583630,0.050000000000000003,-0.28000000000000003,0.94999999999999996
1545,1782579583681,0.070000000000000007,-0.28000000000000003,0.94999999999999996
1546,1782579583730,0.070000000000000007,-0.26000000000000001,0.94999999999999996
1547,1782579583747,0.070000000000000007,-0.26000000000000001,0.94999999999999996
1548,1782579583764,0.080000000000000002,-0.25,0.91000000000000003
1549,1782579583797,0.080000000000000002,-0.25,0.91000000000000003
1550,1782579583880,0.070000000000000007,-0.23999999999999999,0.91000000000000003
1551,1782579583963,0.089999999999999997,-0.31,1.1499999999999999
1552,1782579584030,0.089999999999999997,-0.31,1.1599999999999999
1553,1782579584113,0.089999999999999997,-0.29999999999999999,1.1599999999999999
1554,1782579584180,0.10000000000000001,-0.23999999999999999,0.97999999999999998
1555,1782579584246,0.10000000000000001,-0.23999999999999999,1.05
1556,1782579584280,0.10000000000000001,-0.26000000000000001,1.05
1557,1782579584347,0.10000000000000001,-0.27000000000000002,1.1200000000000001
1558,1782579584380,0.070000000000000007,-0.28999999999999998,1.1200000000000001
1559,1782579584396,0.070000000000000007,-0.28999999999999998,1.05
1560,1782579584429,0.070000000000000007,-0.27000000000000002,1.04
1561,1782579584446,0.040000000000000001,-0.27000000000000002,1.01
1562,1782579584479,0.059999999999999998,-0.25,0.98999999999999999
1563,1782579584530,0.10000000000000001,-0.23999999999999999,1.1399999999999999
1564,1782579584612,0.10000000000000001,-0.28999999999999998,1.1799999999999999
1565,1782579584663,0.089999999999999997,-0.31,1.1799999999999999
1566,1782579584679,0.080000000000000002,-0.31,1.1399999999999999
1567,1782579584730,0.070000000000000007,-0.31,1.1000000000000001
1568,1782579584796,0.12,-0.29999999999999999,0.93999999999999995
1569,1782579584829,0.12,-0.29999999999999999,0.93999999999999995
1570,1782579584879,0.13,-0.29999999999999999,0.93999999999999995
1571,1782579584962,0.13,-0.29999999999999999,1
1572,1782579585029,0.02,-0.19,1.03
1573,1782579585112,0.02,-0.22,1.22
1574,1782579585145,0.02,-0.23000000000000001,1.22
1575,1782579585195,0.040000000000000001,-0.23999999999999999,1.22
1576,1782579585262,0.089999999999999997,-0.23999999999999999,1.1200000000000001
1577,1782579585445,0.070000000000000007,-0.22,1.03
1578,1782579585512,0.070000000000000007,-0.22,1.0600000000000001
1579,1782579585529,0.12,-0.46000000000000002,0.91000000000000003
1580,1782579585545,0.14000000000000001,-0.46000000000000002,0.91000000000000003
1581,1782579585629,0.16,-0.46000000000000002,0.95999999999999996
1582,1782579585712,0.17000000000000001,-0.45000000000000001,0.92000000000000004
1583,1782579585795,0.12,-0.29999999999999999,1.04
1584,1782579585845,0.12,-0.31,1.04
1585,1782579585862,0.080000000000000002,-0.37,1.04
1586,1782579585895,0.080000000000000002,-0.37,0.93000000000000005
1587,1782579585911,0.080000000000000002,-0.32000000000000001,0.92000000000000004
1588,1782579585945,0.080000000000000002,-0.31,0.89000000000000001
1589,1782579586045,0.16,-0.28999999999999998,0.98999999999999999
1590,1782579586061,0.12,-0.23000000000000001,0.94999999999999996
1591,1782579586161,0.10000000000000001,-0.20999999999999999,0.94999999999999996
1592,1782579586228,0.10000000000000001,-0.17000000000000001,0.93999999999999995
1593,1782579586228,0.080000000000000002,-0.16,0.93999999999999995
1594,1782579586261,0.070000000000000007,-0.16,0.93999999999999995
1595,1782579586462,-0,-0.31,1.1200000000000001
1596,1782579586528,0.029999999999999999,-0.31,1.1100000000000001
1597,1782579586561,0.14999999999999999,-0.37,1.1399999999999999
1598,1782579586611,0.14999999999999999,-0.37,1.01
1599,1782579586678,0.14000000000000001,-0.23999999999999999,0.98999999999999999
1600,1782579586744,0.10000000000000001,-0.13,0.93999999999999995
1601,1782579586777,0.050000000000000003,-0.070000000000000007,0.85999999999999999
1602,1782579586828,0.050000000000000003,-0.070000000000000007,0.85999999999999999
1603,1782579586910,0.029999999999999999,-0.17000000000000001,1.1699999999999999
1604,1782579586961,-0.089999999999999997,-0.16,0.95999999999999996
1605,1782579587094,-0.089999999999999997,-0.12,0.85999999999999999
1606,1782579587144,0.02,-0.31,1.3700000000000001
1607,1782579587294,0.01,-0.31,1.3700000000000001
1608,1782579587327,0.01,-0.32000000000000001,1.25
1609,1782579587361,0.01,-0.32000000000000001,1.1799999999999999
1610,1782579587378,0.17999999999999999,-0.60999999999999999,1.03
1611,1782579587444,0.19,-0.57999999999999996,0.90000000000000002
1612,1782579587511,0.19,-0.53000000000000003,0.81000000000000005
1613,1782579587727,0.25,-0.51000000000000001,1.1299999999999999
1614,1782579587743,0.25,-0.51000000000000001,1.1299999999999999
1615,1782579587761,0.25,-0.41999999999999998,0.95999999999999996
1616,1782579587777,0.25,-0.31,0.92000000000000004
1617,1782579587810,0.28999999999999998,-0.28999999999999998,0.85999999999999999
1618,1782579588010,0.080000000000000002,-0.28000000000000003,0.93000000000000005
1619,1782579588026,0.10000000000000001,-0.28000000000000003,0.94999999999999996
1620,1782579588094,0.10000000000000001,-0.28999999999999998,0.98999999999999999
1621,1782579588110,0.080000000000000002,-0.34000000000000002,1.1100000000000001
1622,1782579588193,0.070000000000000007,-0.22,0.95999999999999996
1623,1782579588326,0.070000000000000007,-0.22,0.98999999999999999
1624,1782579588359,0.059999999999999998,-0.23999999999999999,1.04
1625,1782579588393,0.13,-0.16,1.1399999999999999
1626,1782579588459,0.11,-0.14999999999999999,0.96999999999999997
1627,1782579588526,0.059999999999999998,-0.12,0.96999999999999997
1628,1782579588560,0.040000000000000001,-0.070000000000000007,0.94999999999999996
1629,1782579588710,0.01,-0.01,1.1000000000000001
1630,1782579588743,0.01,-0.01,1.1699999999999999
1631,1782579588809,0.040000000000000001,-0.070000000000000007,1.2
1632,1782579588859,0.050000000000000003,-0.070000000000000007,1.2
1633,1782579588909,0.040000000000000001,0.059999999999999998,1.1100000000000001
1634,1782579588959,0.070000000000000007,0.050000000000000003,1.1100000000000001
1635,1782579589042,0.089999999999999997,0.050000000000000003,1.1100000000000001
1636,1782579589076,0.10000000000000001,0.059999999999999998,0.95999999999999996
1637,1782579589092,0.10000000000000001,0.14000000000000001,0.95999999999999996
1638,1782579589109,0.10000000000000001,0.14000000000000001,0.95999999999999996
1639,1782579589175,0.089999999999999997,0.14999999999999999,0.95999999999999996
1640,1782579589242,0.089999999999999997,0.14999999999999999,1.04
1641,1782579589276,-0.01,0.19,1.05
1642,1782579589326,0.040000000000000001,0.17999999999999999,1.1100000000000001
1643,1782579589409,0.040000000000000001,0.17000000000000001,1.1100000000000001
1644,1782579589525,-0.029999999999999999,0.34999999999999998,1.0700000000000001
1645,1782579589542,-0.029999999999999999,0.34999999999999998,1.0700000000000001
1646,1782579589575,0.050000000000000003,0.37,1.0600000000000001
1647,1782579589625,0.059999999999999998,0.37,0.93999999999999995
1648,1782579589709,0.10000000000000001,0.38,0.93000000000000005
1649,1782579589775,0.080000000000000002,0.19,0.94999999999999996
1650,1782579589842,0.089999999999999997,0.19,0.91000000000000003
1651,1782579589876,0.089999999999999997,0.19,0.88
1652,1782579589908,0.070000000000000007,0.19,0.91000000000000003
1653,1782579589942,0.040000000000000001,0.20999999999999999,0.93999999999999995
1654,1782579589975,0.029999999999999999,0.23000000000000001,0.85999999999999999
1655,1782579590058,0.040000000000000001,0.26000000000000001,0.85999999999999999
1656,1782579590092,0.02,0.28999999999999998,0.82999999999999996
1657,1782579590191,0,0.31,0.82999999999999996
1658,1782579590258,0,0.31,0.85999999999999999
1659,1782579590291,0.029999999999999999,0.28999999999999998,0.79000000000000004
1660,1782579590375,0.02,0.28000000000000003,0.89000000000000001
1661,1782579590441,0.029999999999999999,0.26000000000000001,1.0700000000000001
1662,1782579590541,-0.02,0.27000000000000002,0.95999999999999996
1663,1782579590591,-0,0.27000000000000002,0.93000000000000005
1664,1782579590658,-0,0.27000000000000002,0.95999999999999996
1665,1782579590724,-0.02,0.26000000000000001,0.95999999999999996
1666,1782579590824,-0.01,0.25,0.93000000000000005
1667,1782579590891,-0.01,0.27000000000000002,0.88
1668,1782579590957,-0.01,0.27000000000000002,0.81000000000000005
1669,1782579590991,0,0.27000000000000002,0.81000000000000005
1670,1782579591041,0.070000000000000007,0.28999999999999998,0.88
1671,1782579591074,0.029999999999999999,0.23000000000000001,0.84999999999999998
1672,1782579591091,0.029999999999999999,0.22,0.88
1673,1782579591207,0.01,0.22,0.96999999999999997
1674,1782579591240,-0.02,0.20999999999999999,1.05
1675,1782579591291,-0.029999999999999999,0.34000000000000002,1.0800000000000001
1676,1782579591340,-0.01,0.34000000000000002,1.0600000000000001
1677,1782579591390,-0.01,0.34000000000000002,1.05
1678,1782579591440,-0.01,0.31,1.0600000000000001
1679,1782579591457,0,0.29999999999999999,1.05
1680,1782579591525,0.040000000000000001,0.27000000000000002,1.05
1681,1782579591573,0.059999999999999998,0.27000000000000002,1.02
1682,1782579591607,0.059999999999999998,0.27000000000000002,0.93000000000000005
1683,1782579591640,0,0.33000000000000002,0.89000000000000001
1684,1782579591690,-0.01,0.34000000000000002,0.96999999999999997
1685,1782579591740,-0.029999999999999999,0.34999999999999998,0.96999999999999997
1686,1782579591823,-0.029999999999999999,0.34999999999999998,1.03
1687,1782579591907,0.059999999999999998,0.23000000000000001,1.05
1688,1782579591990,0.02,0.23999999999999999,0.95999999999999996
1689,1782579592023,0.02,0.27000000000000002,0.95999999999999996
1690,1782579592073,0.02,0.33000000000000002,0.91000000000000003
1691,1782579592156,0.029999999999999999,0.40999999999999998,0.90000000000000002
1692,1782579592257,-0,0.40000000000000002,1.1399999999999999
1693,1782579592339,-0.01,0.37,1.1799999999999999
1694,1782579592373,-0.050000000000000003,0.35999999999999999,1.1799999999999999
1695,1782579592390,-0.050000000000000003,0.35999999999999999,1.1799999999999999
1696,1782579592407,0.059999999999999998,0.33000000000000002,1.1200000000000001
1697,1782579592457,-0.01,0.34999999999999998,1.1200000000000001
1698,1782579592506,-0.029999999999999999,0.35999999999999999,1.1000000000000001
1699,1782579592556,-0.050000000000000003,0.38,1.1000000000000001
1700,1782579592606,-0.050000000000000003,0.42999999999999999,1.1000000000000001
1701,1782579592639,-0.050000000000000003,0.42999999999999999,1.1000000000000001
1702,1782579592706,-0.050000000000000003,0.27000000000000002,1.1200000000000001
1703,1782579592772,0.080000000000000002,0.26000000000000001,1.1299999999999999
1704,1782579592839,0.080000000000000002,0.26000000000000001,1.1899999999999999
1705,1782579592889,0.089999999999999997,0.26000000000000001,1.1899999999999999
1706,1782579593022,0.029999999999999999,0.25,0.93000000000000005
1707,1782579593072,0.02,0.23999999999999999,0.92000000000000004
1708,1782579593289,0.029999999999999999,0.28000000000000003,0.96999999999999997
1709,1782579593355,0.029999999999999999,0.28000000000000003,0.96999999999999997
1710,1782579593422,0.029999999999999999,0.28000000000000003,0.95999999999999996
1711,1782579593472,0.040000000000000001,0.38,0.98999999999999999
1712,1782579593522,0.040000000000000001,0.38,0.98999999999999999
1713,1782579593656,0.029999999999999999,0.38,1.02
1714,1782579593672,0.029999999999999999,0.38,0.98999999999999999
1715,1782579593722,0.01,0.33000000000000002,0.93999999999999995
1716,1782579593772,-0.029999999999999999,0.33000000000000002,0.97999999999999998
1717,1782579593788,-0.040000000000000001,0.33000000000000002,1.1200000000000001
1718,1782579593805,-0.040000000000000001,0.33000000000000002,1.1200000000000001
1719,1782579593872,-0.029999999999999999,0.33000000000000002,1.1200000000000001
1720,1782579593922,-0.02,0.39000000000000001,1.0600000000000001
1721,1782579593972,0,0.39000000000000001,1.05
1722,1782579594006,0.01,0.39000000000000001,1.02
1723,1782579594038,0.01,0.39000000000000001,1.04
1724,1782579594122,0.01,0.28999999999999998,0.96999999999999997
1725,1782579594171,0,0.28999999999999998,0.95999999999999996
1726,1782579594221,0,0.28999999999999998,0.93000000000000005
1727,1782579594288,-0.02,0.29999999999999999,0.93000000000000005
1728,1782579594371,-0.029999999999999999,0.32000000000000001,0.96999999999999997
1729,1782579594421,-0.029999999999999999,0.28000000000000003,1.0700000000000001
1730,1782579594454,-0.02,0.23999999999999999,1.0700000000000001
1731,1782579594538,-0.02,0.23000000000000001,1.0800000000000001
1732,1782579594654,0.050000000000000003,0.32000000000000001,0.98999999999999999
1733,1782579594704,0.080000000000000002,0.32000000000000001,0.95999999999999996
1734,1782579594754,0.080000000000000002,0.32000000000000001,0.94999999999999996
1735,1782579594804,0.080000000000000002,0.29999999999999999,0.94999999999999996
1736,1782579594871,0.070000000000000007,0.19,0.85999999999999999
1737,1782579594921,0.070000000000000007,0.19,0.81999999999999995
1738,1782579594971,0.02,0.19,0.81999999999999995
1739,1782579594987,0.02,0.22,0.81999999999999995
1740,1782579595120,0,0.22,1.0700000000000001
1741,1782579595171,0.02,0.22,1.0700000000000001
1742,1782579595220,0.02,0.22,1.0700000000000001
1743,1782579595271,0.02,0.23000000000000001,1.02
1744,1782579595304,0.02,0.26000000000000001,1.01
1745,1782579595354,0.02,0.28000000000000003,1.01
1746,1782579595370,0.01,0.26000000000000001,0.93999999999999995
1747,1782579595420,0.01,0.28999999999999998,0.93999999999999995
1748,1782579595470,0.01,0.28999999999999998,0.97999999999999998
1749,1782579595520,0.01,0.29999999999999999,0.94999999999999996
1750,1782579595587,-0.01,0.31,0.97999999999999998
1751,1782579595653,-0.029999999999999999,0.23999999999999999,0.88
1752,1782579595704,-0.059999999999999998,0.32000000000000001,0.88
1753,1782579595770,-0.059999999999999998,0.32000000000000001,0.88
1754,1782579595837,-0.029999999999999999,0.32000000000000001,0.96999999999999997
1755,1782579595903,0.01,0.20000000000000001,1.04
1756,1782579595987,0.040000000000000001,0.20000000000000001,1.03
1757,1782579596070,0.040000000000000001,0.20000000000000001,1.02
1758,1782579596136,0.040000000000000001,0.20999999999999999,0.95999999999999996
1759,1782579596154,-0.029999999999999999,0.34000000000000002,1.1200000000000001
1760,1782579596170,0.089999999999999997,0.40999999999999998,0.96999999999999997
1761,1782579596203,0.10000000000000001,0.40999999999999998,1.1100000000000001
1762,1782579596270,0.10000000000000001,0.40999999999999998,1.1100000000000001
1763,1782579596320,0.10000000000000001,0.29999999999999999,1.1200000000000001
1764,1782579596370,0.070000000000000007,0.20999999999999999,1.1100000000000001
1765,1782579596419,0.070000000000000007,0.17000000000000001,1.1100000000000001
1766,1782579596469,0.02,0.17000000000000001,0.93000000000000005
1767,1782579596519,0.040000000000000001,0.23999999999999999,1.5
1768,1782579596570,0.040000000000000001,0.19,1.5
1769,1782579596619,0.059999999999999998,0.14000000000000001,1.5
1770,1782579596670,0.080000000000000002,0.14000000000000001,1.1899999999999999
1771,1782579596720,0.12,0.14000000000000001,0.91000000000000003
1772,1782579596769,0.12,0.14000000000000001,0.81000000000000005
1773,1782579596819,0.12,0.17000000000000001,1.02
1774,1782579596902,0.13,0.12,1.02
1775,1782579596952,0.13,0.12,0.98999999999999999
1776,1782579597052,0,0.23999999999999999,0.98999999999999999
1777,1782579597119,-0,0.23000000000000001,1
1778,1782579597169,0,0.23000000000000001,1.02
1779,1782579597235,0,0.22,1.02
1780,1782579597285,0.01,0.22,1.01
1781,1782579597335,-0,0.11,0.93999999999999995
1782,1782579597435,-0.01,0.13,0.94999999999999996
1783,1782579597469,-0.02,0.14000000000000001,0.94999999999999996
1784,1782579597518,-0.02,0.16,0.96999999999999997
1785,1782579597568,0.029999999999999999,0.17999999999999999,1.1399999999999999
1786,1782579597602,0.029999999999999999,0.14999999999999999,1.1299999999999999
1787,1782579597635,0.029999999999999999,0.11,1.1299999999999999
1788,1782579597668,0.029999999999999999,0.11,1.1299999999999999
1789,1782579597735,0.01,0.11,0.91000000000000003
1790,1782579597768,-0.02,0.20999999999999999,0.87
1791,1782579597818,-0.02,0.23999999999999999,0.87
1792,1782579597852,-0.070000000000000007,0.28000000000000003,1.05
1793,1782579597935,-0.070000000000000007,0.28000000000000003,1.1200000000000001
1794,1782579597968,-0.070000000000000007,0.22,1.29
1795,1782579598018,-0.01,0.19,1.29
1796,1782579598084,-0,0.23000000000000001,1.1000000000000001
1797,1782579598135,0.01,0.23000000000000001,1.1200000000000001
1798,1782579598184,0.01,0.23000000000000001,1.1200000000000001
1799,1782579598218,0.01,0.23000000000000001,1.1100000000000001
1800,1782579598318,0.01,0.23000000000000001,1.1100000000000001
1801,1782579598402,0.029999999999999999,0.14999999999999999,0.93999999999999995
1802,1782579598451,0,0.16,0.93999999999999995
1803,1782579598501,0,0.23000000000000001,0.92000000000000004
1804,1782579598568,-0.040000000000000001,0.23000000000000001,0.92000000000000004
1805,1782579598617,-0.050000000000000003,0.23000000000000001,0.92000000000000004
1806,1782579598634,-0.070000000000000007,0.23999999999999999,1.04
1807,1782579598684,-0.070000000000000007,0.25,1.0800000000000001
1808,1782579598751,-0.070000000000000007,0.25,1.1200000000000001
1809,1782579598834,-0.070000000000000007,0.25,1.1499999999999999
1810,1782579598884,-0.070000000000000007,0.25,1.1200000000000001
1811,1782579598934,-0.040000000000000001,0.23000000000000001,1.1200000000000001
1812,1782579598984,0.13,0.13,1
1813,1782579599018,0.10000000000000001,0.12,1
1814,1782579599084,0.070000000000000007,0.13,0.98999999999999999
1815,1782579599151,0.059999999999999998,0.14999999999999999,0.98999999999999999
1816,1782579599184,0.01,0.14999999999999999,0.98999999999999999
1817,1782579599284,-0.01,0.20000000000000001,1.02
1818,1782579599384,-0.029999999999999999,0.20000000000000001,1.02
1819,1782579599517,-0.050000000000000003,0.10000000000000001,1.04
1820,1782579599583,-0.050000000000000003,0.089999999999999997,1.0600000000000001
1821,1782579599701,-0.050000000000000003,0.089999999999999997,1.0600000000000001
1822,1782579599750,-0.029999999999999999,0.059999999999999998,1.0900000000000001
1823,1782579599767,-0.02,0.070000000000000007,1.05
1824,1782579599833,-0.040000000000000001,0.070000000000000007,1.04
1825,1782579599883,-0.040000000000000001,0.070000000000000007,1.04
1826,1782579600017,0.01,0.01,1.04
1827,1782579600083,-0.01,-0.029999999999999999,1.01
1828,1782579600100,-0.02,-0.029999999999999999,1.03
1829,1782579600117,-0.02,-0.029999999999999999,1.01
1830,1782579600217,-0.02,-0.059999999999999998,1.03
1831,1782579600250,0.040000000000000001,-0.10000000000000001,0.96999999999999997
1832,1782579600300,0.040000000000000001,-0.12,0.97999999999999998
1833,1782579600416,0.040000000000000001,-0.12,1.01
1834,1782579600466,0.01,-0.14000000000000001,1.05
1835,1782579600483,-0.02,-0.14000000000000001,1.0600000000000001
1836,1782579600533,0.01,-0.14999999999999999,0.98999999999999999
1837,1782579600616,0.029999999999999999,-0.14999999999999999,1.04
1838,1782579600716,0.080000000000000002,-0.17999999999999999,1.0900000000000001
1839,1782579600799,0.029999999999999999,-0.25,1.05
1840,1782579600833,0.040000000000000001,-0.25,1.04
1841,1782579600932,0.050000000000000003,-0.25,1.05
1842,1782579600999,0.050000000000000003,-0.25,1.04
1843,1782579601049,0.11,-0.25,0.83999999999999997
1844,1782579601082,0.089999999999999997,-0.23999999999999999,0.83999999999999997
1845,1782579601149,0.070000000000000007,-0.20999999999999999,0.83999999999999997
1846,1782579601232,0.070000000000000007,-0.20000000000000001,0.83999999999999997
1847,1782579601299,0.040000000000000001,-0.20000000000000001,0.90000000000000002
1848,1782579601332,0.040000000000000001,-0.20999999999999999,0.93000000000000005
1849,1782579601382,0.12,-0.20000000000000001,0.90000000000000002
1850,1782579601449,0.11,-0.19,0.88
1851,1782579601482,0.10000000000000001,-0.14000000000000001,0.80000000000000004
1852,1782579601516,0.089999999999999997,-0.14000000000000001,0.80000000000000004
1853,1782579601532,0.089999999999999997,-0.20000000000000001,0.88
1854,1782579601615,0.040000000000000001,-0.20000000000000001,0.90000000000000002
1855,1782579601648,0.029999999999999999,-0.14000000000000001,0.81999999999999995
1856,1782579601682,0.029999999999999999,-0.14999999999999999,0.82999999999999996
1857,1782579601782,0.050000000000000003,-0.17999999999999999,0.85999999999999999
1858,1782579601882,0.059999999999999998,-0.17999999999999999,1.1000000000000001
1859,1782579601949,0.070000000000000007,-0.23999999999999999,1.1000000000000001
1860,1782579601998,0.11,-0.26000000000000001,0.96999999999999997
1861,1782579602065,0.11,-0.28000000000000003,1.1000000000000001
1862,1782579602098,0.11,-0.26000000000000001,0.98999999999999999
1863,1782579602165,0.040000000000000001,-0.16,1.1000000000000001
1864,1782579602198,0.040000000000000001,-0.16,1.1100000000000001
1865,1782579602248,0.040000000000000001,-0.17000000000000001,1.1000000000000001
1866,1782579602314,0.040000000000000001,-0.17999999999999999,1.03
1867,1782579602348,0.040000000000000001,-0.19,1.02
1868,1782579602448,0.10000000000000001,-0.42999999999999999,0.91000000000000003
1869,1782579602481,0.10000000000000001,-0.33000000000000002,0.88
1870,1782579602498,0.10000000000000001,-0.25,0.84999999999999998
1871,1782579602532,0.10000000000000001,-0.14999999999999999,0.84999999999999998
1872,1782579602697,0.10000000000000001,-0.14000000000000001,0.88
1873,1782579602747,0.10000000000000001,-0.17000000000000001,0.88
1874,1782579602814,0.10000000000000001,-0.19,0.93000000000000005
1875,1782579602881,0.059999999999999998,-0.23999999999999999,0.88
1876,1782579602898,0.059999999999999998,-0.26000000000000001,0.81000000000000005
1877,1782579602914,0.029999999999999999,-0.17000000000000001,0.93999999999999995
1878,1782579602981,0.029999999999999999,-0.17000000000000001,0.93000000000000005
1879,1782579603030,0.029999999999999999,-0.17000000000000001,0.93000000000000005
1880,1782579603147,0.059999999999999998,-0.20000000000000001,1.04
1881,1782579603180,0.070000000000000007,-0.29999999999999999,0.95999999999999996
1882,1782579603231,0.02,-0.28000000000000003,0.93000000000000005
1883,1782579603297,0.01,-0.19,0.93000000000000005
1884,1782579603430,0.02,-0.23000000000000001,1.02
1885,1782579603497,0.02,-0.23000000000000001,1.03
1886,1782579603564,0.02,-0.23000000000000001,1.0600000000000001
1887,1782579603630,0.050000000000000003,-0.22,1.1100000000000001
1888,1782579603680,0.059999999999999998,-0.22,1.1200000000000001
1889,1782579603731,0.059999999999999998,-0.22,1.1200000000000001
1890,1782579603796,0.059999999999999998,-0.14999999999999999,0.80000000000000004
1891,1782579603846,0.040000000000000001,-0.14999999999999999,0.80000000000000004
1892,1782579603896,0.040000000000000001,-0.17000000000000001,0.81000000000000005
1893,1782579603947,0.040000000000000001,-0.17999999999999999,0.93999999999999995
1894,1782579603964,0.040000000000000001,-0.20000000000000001,1
1895,1782579604013,0.040000000000000001,-0.23999999999999999,1
1896,1782579604096,0.040000000000000001,-0.14000000000000001,0.97999999999999998
1897,1782579604213,0.040000000000000001,-0.14000000000000001,0.97999999999999998
1898,1782579604263,0.040000000000000001,-0.14000000000000001,0.98999999999999999
1899,1782579604296,0.059999999999999998,-0.23000000000000001,1.1399999999999999
1900,1782579604346,0.059999999999999998,-0.23000000000000001,1.1399999999999999
1901,1782579604430,0.059999999999999998,-0.23000000000000001,1.1299999999999999
1902,1782579604463,0.059999999999999998,-0.20999999999999999,1.0600000000000001
1903,1782579604513,0.050000000000000003,-0.17000000000000001,1.0600000000000001
1904,1782579604530,0.050000000000000003,-0.20000000000000001,1.1299999999999999
1905,1782579604546,0.050000000000000003,-0.19,1.05
1906,1782579604563,0.040000000000000001,-0.17999999999999999,1.02
1907,1782579604646,0.040000000000000001,-0.17000000000000001,0.98999999999999999
1908,1782579604696,0.10000000000000001,-0.16,0.97999999999999998
1909,1782579604763,0.10000000000000001,-0.12,0.83999999999999997
1910,1782579604829,0.12,-0.19,0.95999999999999996
1911,1782579604880,0.10000000000000001,-0.13,0.89000000000000001
1912,1782579604913,0.029999999999999999,-0.11,0.89000000000000001
1913,1782579604962,-0,-0.070000000000000007,0.89000000000000001
1914,1782579605079,-0.050000000000000003,-0.20000000000000001,0.98999999999999999
1915,1782579605146,-0.050000000000000003,-0.20000000000000001,1.03
1916,1782579605195,-0.050000000000000003,-0.20000000000000001,1.1200000000000001
1917,1782579605295,-0.050000000000000003,-0.20000000000000001,1.1499999999999999
1918,1782579605378,-0.040000000000000001,-0.32000000000000001,1.01
1919,1782579605445,-0.059999999999999998,-0.31,1.02
1920,1782579605512,-0.040000000000000001,-0.29999999999999999,1.01
1921,1782579605562,0.02,-0.28000000000000003,0.91000000000000003
1922,1782579605662,0.029999999999999999,-0.28999999999999998,0.91000000000000003
1923,1782579605729,0.029999999999999999,-0.28999999999999998,0.91000000000000003
1924,1782579605795,-0.059999999999999998,-0.27000000000000002,0.94999999999999996
1925,1782579605811,-0.029999999999999999,-0.28000000000000003,0.98999999999999999
1926,1782579605845,-0.070000000000000007,-0.34999999999999998,1.05
1927,1782579605861,-0.070000000000000007,-0.34999999999999998,1.0600000000000001
1928,1782579605896,-0.080000000000000002,-0.34999999999999998,1.0600000000000001
1929,1782579605928,-0.070000000000000007,-0.37,1.0600000000000001
1930,1782579606028,-0.070000000000000007,-0.37,1.0900000000000001
1931,1782579606112,-0.050000000000000003,-0.34999999999999998,1.0900000000000001
1932,1782579606145,0.02,-0.28000000000000003,0.85999999999999999
1933,1782579606211,0.02,-0.27000000000000002,0.85999999999999999
1934,1782579606261,-0.01,-0.27000000000000002,0.85999999999999999
1935,1782579606311,-0.029999999999999999,-0.27000000000000002,0.93999999999999995
1936,1782579606361,-0.040000000000000001,-0.38,0.97999999999999998
1937,1782579606411,-0.040000000000000001,-0.40999999999999998,1.0700000000000001
1938,1782579606478,-0.02,-0.42999999999999999,0.98999999999999999
1939,1782579606594,0,-0.44,1.0600000000000001
1940,1782579606628,0.01,-0.46000000000000002,1.0800000000000001
1941,1782579606677,0.01,-0.35999999999999999,0.97999999999999998
1942,1782579606744,0.02,-0.35999999999999999,0.97999999999999998
1943,1782579606761,0.040000000000000001,-0.35999999999999999,0.95999999999999996
1944,1782579606894,0.050000000000000003,-0.37,0.97999999999999998
1945,1782579606961,0.070000000000000007,-0.37,0.98999999999999999
1946,1782579606994,0.040000000000000001,-0.23999999999999999,0.84999999999999998
1947,1782579607027,-0.01,-0.17999999999999999,0.84999999999999998
1948,1782579607044,-0.040000000000000001,-0.17999999999999999,0.84999999999999998
1949,1782579607094,-0.040000000000000001,-0.17999999999999999,0.85999999999999999
1950,1782579607160,-0.059999999999999998,-0.20999999999999999,0.93000000000000005
1951,1782579607227,0,-0.34000000000000002,1.1899999999999999
1952,1782579607294,0,-0.34000000000000002,1.1299999999999999
1953,1782579607361,0.01,-0.28999999999999998,1.1100000000000001
1954,1782579607394,0,-0.28000000000000003,1.05
1955,1782579607444,0.10000000000000001,-0.57999999999999996,0.98999999999999999
1956,1782579607544,0.11,-0.54000000000000004,0.98999999999999999
1957,1782579607594,0.089999999999999997,-0.51000000000000001,0.98999999999999999
1958,1782579607660,0.14999999999999999,-0.5,0.98999999999999999
1959,1782579607693,0.14999999999999999,-0.5,0.93999999999999995
1960,1782579607727,0.11,-0.48999999999999999,1.01
1961,1782579607843,0.10000000000000001,-0.46000000000000002,1.01
1962,1782579607910,0.089999999999999997,-0.45000000000000001,0.98999999999999999
1963,1782579607961,0.20000000000000001,-0.68000000000000005,1.04
1964,1782579607976,0.20000000000000001,-0.63,1.04
1965,1782579608010,0.20000000000000001,-0.63,1.04
1966,1782579608026,0.19,-0.59999999999999998,1.01
1967,1782579608061,0.19,-0.56000000000000005,0.96999999999999997
1968,1782579608326,0.13,-0.34000000000000002,0.96999999999999997
1969,1782579608377,0.11,-0.34000000000000002,1.01
1970,1782579608410,0.13,-0.34000000000000002,1.0700000000000001
1971,1782579608426,0.11,-0.41999999999999998,1.1100000000000001
1972,1782579608543,0.11,-0.41999999999999998,1.1100000000000001
1973,1782579608576,-0.01,-0.5,0.80000000000000004
1974,1782579608626,0,-0.29999999999999999,0.80000000000000004
1975,1782579608693,0.040000000000000001,-0.28999999999999998,0.68000000000000005
1976,1782579608726,0.040000000000000001,-0.28000000000000003,0.68000000000000005
1977,1782579608776,0.089999999999999997,-0.28000000000000003,0.81000000000000005
1978,1782579608826,-0.02,-0.28000000000000003,0.58999999999999997
1979,1782579608893,-0.02,-0.28000000000000003,0.58999999999999997
1980,1782579608959,-0.02,-0.28000000000000003,0.62
1981,1782579609042,0.01,-0.33000000000000002,0.85999999999999999
1982,1782579609075,0.080000000000000002,-0.39000000000000001,0.71999999999999997
1983,1782579609159,0.080000000000000002,-0.38,0.65000000000000002
1984,1782579609176,0.089999999999999997,-0.38,0.71999999999999997
1985,1782579609292,0.12,-0.42999999999999999,0.90000000000000002
1986,1782579609342,0,-0.48999999999999999,0.82999999999999996
1987,1782579609392,0,-0.5,0.89000000000000001
1988,1782579609492,0.01,-0.54000000000000004,0.85999999999999999
1989,1782579609592,0.20000000000000001,-0.77000000000000002,1.2
1990,1782579609642,0.20000000000000001,-0.77000000000000002,1.2
1991,1782579609692,0.17999999999999999,-0.5,0.89000000000000001
1992,1782579609875,0.10000000000000001,-0.55000000000000004,0.96999999999999997
1993,1782579609908,0.10000000000000001,-0.46999999999999997,0.81999999999999995
1994,1782579609975,0.10000000000000001,-0.46000000000000002,0.81999999999999995
1995,1782579610042,0.11,-0.46000000000000002,0.80000000000000004
1996,1782579610125,0.25,-0.71999999999999997,0.85999999999999999
1997,1782579610141,0.20000000000000001,-0.68999999999999995,0.82999999999999996
1998,1782579610175,0.20000000000000001,-0.66000000000000003,0.82999999999999996
1999,1782579610208,0.19,-0.65000000000000002,0.81999999999999995
2000,1782579610308,0.17000000000000001,-0.65000000000000002,0.81999999999999995
2001,1782579610391,0.089999999999999997,-0.51000000000000001,0.81999999999999995
2002,1782579610408,0.089999999999999997,-0.51000000000000001,0.81999999999999995
2003,1782579610458,0.089999999999999997,-0.51000000000000001,0.81999999999999995
2004,1782579610524,0.10000000000000001,-0.51000000000000001,0.88
2005,1782579610558,0.12,-0.55000000000000004,1.01
2006,1782579610575,0.10000000000000001,-0.68999999999999995,1.1000000000000001
2007,1782579610591,0.080000000000000002,-0.44,0.94999999999999996
2008,1782579610658,0.10000000000000001,-0.44,0.93000000000000005
2009,1782579610691,0.080000000000000002,-0.41999999999999998,0.93000000000000005
2010,1782579610774,0.080000000000000002,-0.40000000000000002,0.89000000000000001
2011,1782579610907,0.11,-0.029999999999999999,0.81999999999999995
2012,1782579610957,0.11,0.14000000000000001,0.81999999999999995
2013,1782579611024,0.13,0.22,0.81999999999999995
2014,1782579611041,0.13,0.22,0.81999999999999995
2015,1782579611057,0.11,0.23999999999999999,0.84999999999999998
2016,1782579611075,-0.01,0.23999999999999999,0.93000000000000005
2017,1782579611107,-0.01,0.17999999999999999,1.28
2018,1782579611141,-0.01,0.080000000000000002,1.28
2019,1782579611240,0.059999999999999998,0.41999999999999998,1.0600000000000001
2020,1782579611257,0.12,0.38,1.0600000000000001
2021,1782579611425,0.12,0.38,1.01
2022,1782579611441,0.029999999999999999,0.41999999999999998,0.92000000000000004
2023,1782579611473,0.02,0.35999999999999999,0.95999999999999996
2024,1782579611524,-0.01,0.28000000000000003,1.05
2025,1782579611591,-0.01,0.28000000000000003,1.05
2026,1782579611674,0,0.25,1.0700000000000001
2027,1782579611740,0.10000000000000001,0.34000000000000002,0.92000000000000004
2028,1782579611890,0.10000000000000001,0.34000000000000002,0.97999999999999998
2029,1782579611990,-0,0.51000000000000001,1.2
2030,1782579612023,-0,0.51000000000000001,1.22
2031,1782579612089,0.02,0.51000000000000001,1.22
2032,1782579612139,0.02,0.51000000000000001,1.22
2033,1782579612239,0.02,0.5,1.1000000000000001
2034,1782579612340,0.029999999999999999,0.5,0.87
2035,1782579612406,0.050000000000000003,0.51000000000000001,0.84999999999999998
2036,1782579612472,0.02,0.5,0.85999999999999999
2037,1782579612523,0.02,0.47999999999999998,0.91000000000000003
2038,1782579612589,0.02,0.44,0.93999999999999995
2039,1782579612606,0.029999999999999999,0.40000000000000002,0.93999999999999995
2040,1782579612672,0.050000000000000003,0.40000000000000002,0.93000000000000005
2041,1782579612739,-0,0.48999999999999999,0.70999999999999996
2042,1782579612789,-0.02,0.48999999999999999,0.88
2043,1782579612856,-0.070000000000000007,0.48999999999999999,1
2044,1782579612922,-0.12,0.48999999999999999,1.0600000000000001
2045,1782579613022,-0.12,0.55000000000000004,0.96999999999999997
2046,1782579613072,-0.12,0.53000000000000003,1.0600000000000001
2047,1782579613139,-0.12,0.53000000000000003,1.0700000000000001
2048,1782579613189,-0.059999999999999998,0.52000000000000002,1.0800000000000001
2049,1782579613306,-0.02,0.47999999999999998,1.1399999999999999
2050,1782579613338,-0.02,0.47999999999999998,1.1399999999999999
2051,1782579613388,0.01,0.47999999999999998,1.03
2052,1782579613439,0.01,0.47999999999999998,1.03
2053,1782579613506,-0.050000000000000003,0.47999999999999998,1.03
2054,1782579613538,0.01,0.39000000000000001,1.05
2055,1782579613605,0.02,0.40999999999999998,1.23
2056,1782579613639,0.02,0.40999999999999998,1.23
2057,1782579613705,-0,0.40999999999999998,1.1000000000000001
2058,1782579613756,-0.02,0.56000000000000005,1.01
2059,1782579613821,-0.02,0.56000000000000005,0.98999999999999999
2060,1782579613971,-0.070000000000000007,0.67000000000000004,1.26
2061,1782579614022,-0.080000000000000002,0.60999999999999999,1.26
2062,1782579614055,-0.050000000000000003,0.63,1.1100000000000001
2063,1782579614071,0.01,0.63,1.1499999999999999
2064,1782579614104,0.02,0.60999999999999999,1.1499999999999999
2065,1782579614138,0.040000000000000001,0.53000000000000003,1.1499999999999999
2066,1782579614288,0.02,0.53000000000000003,1.01
2067,1782579614354,0.029999999999999999,0.59999999999999998,1.1100000000000001
2068,1782579614405,0.01,0.58999999999999997,1.1100000000000001
2069,1782579614421,0.01,0.58999999999999997,1.01
2070,1782579614588,-0.050000000000000003,0.56999999999999995,0.96999999999999997
2071,1782579614671,-0.059999999999999998,0.62,1.0600000000000001
2072,1782579614738,-0.059999999999999998,0.62,1.0900000000000001
2073,1782579614854,-0.059999999999999998,0.66000000000000003,0.93999999999999995
2074,1782579614938,-0.040000000000000001,0.66000000000000003,0.93999999999999995
2075,1782579615004,-0.059999999999999998,0.66000000000000003,0.93999999999999995
2076,1782579615087,-0.050000000000000003,0.70999999999999996,0.76000000000000001
2077,1782579615154,-0.01,0.70999999999999996,0.79000000000000004
2078,1782579615171,-0.01,0.70999999999999996,0.87
2079,1782579615238,-0.01,0.68999999999999995,1.03
2080,1782579615271,-0.01,0.54000000000000004,1.1399999999999999
2081,1782579615304,-0.089999999999999997,0.65000000000000002,0.97999999999999998
2082,1782579615354,-0.089999999999999997,0.65000000000000002,0.97999999999999998
2083,1782579615453,-0.070000000000000007,0.65000000000000002,0.97999999999999998
2084,1782579615486,-0.080000000000000002,0.64000000000000001,0.98999999999999999
2085,1782579615520,-0.070000000000000007,0.64000000000000001,1.05
2086,1782579615537,-0.059999999999999998,0.65000000000000002,1.0600000000000001
2087,1782579615570,-0.070000000000000007,0.67000000000000004,0.83999999999999997
2088,1782579615620,-0.050000000000000003,0.68999999999999995,0.83999999999999997
2089,1782579615686,-0.070000000000000007,0.68999999999999995,0.83999999999999997
2090,1782579615754,-0.070000000000000007,0.68999999999999995,0.95999999999999996
2091,1782579615787,-0.040000000000000001,0.59999999999999998,1.02
2092,1782579615820,-0.040000000000000001,0.58999999999999997,1.22
2093,1782579615853,-0.040000000000000001,0.58999999999999997,1.27
2094,1782579615870,-0.02,0.58999999999999997,1.27
2095,1782579615920,0.050000000000000003,0.55000000000000004,1.29
2096,1782579615970,0.050000000000000003,0.68000000000000005,1.0800000000000001
2097,1782579616153,-0.01,0.68999999999999995,1.01
2098,1782579616203,-0.089999999999999997,0.28999999999999998,0.89000000000000001
2099,1782579616270,-0.089999999999999997,0.28999999999999998,0.83999999999999997
2100,1782579616286,-0.050000000000000003,0.28999999999999998,0.83999999999999997
2101,1782579616336,-0.029999999999999999,0.28999999999999998,0.83999999999999997
2102,1782579616370,-0.02,0.28999999999999998,0.83999999999999997
2103,1782579616453,0.01,0.78000000000000003,0.68000000000000005
2104,1782579616519,-0.10000000000000001,0.78000000000000003,0.68000000000000005
2105,1782579616553,-0.10000000000000001,0.77000000000000002,0.68000000000000005
2106,1782579616719,0.02,0.72999999999999998,0.56000000000000005
2107,1782579616770,-0.01,0.68000000000000005,0.56000000000000005
2108,1782579616819,-0.070000000000000007,0.53000000000000003,0.65000000000000002
2109,1782579616969,-0.27000000000000002,0.62,0.91000000000000003
2110,1782579617036,-0.20999999999999999,0.62,1.27
2111,1782579617119,-0.19,0.34000000000000002,1.3200000000000001
2112,1782579617219,0.12,0.34000000000000002,1.27
2113,1782579617252,0.11,0.34000000000000002,1.27
2114,1782579617302,0.11,0.27000000000000002,1.27
2115,1782579617352,0.13,0.31,1.23
2116,1782579617452,-0.080000000000000002,0.63,1.49
2117,1782579617502,-0.059999999999999998,0.47999999999999998,1.49
2118,1782579617552,-0.059999999999999998,0.47999999999999998,1.49
2119,1782579617585,-0.080000000000000002,0.47999999999999998,0.98999999999999999
2120,1782579617685,0.070000000000000007,0.40999999999999998,1.49
2121,1782579617752,0.040000000000000001,0.42999999999999999,0.76000000000000001
2122,1782579617785,0.040000000000000001,0.46999999999999997,0.75
2123,1782579617852,0.040000000000000001,0.58999999999999997,0.73999999999999999
2124,1782579617902,0.040000000000000001,0.68000000000000005,0.57999999999999996
2125,1782579617985,0.070000000000000007,0.78000000000000003,0.78000000000000003
2126,1782579618018,0.02,0.78000000000000003,0.70999999999999996
2127,1782579618084,-0.10000000000000001,0.78000000000000003,0.70999999999999996
2128,1782579618135,-0.10000000000000001,0.77000000000000002,0.70999999999999996
2129,1782579618218,-0.12,0.73999999999999999,0.96999999999999997
2130,1782579618285,-0.16,0.46999999999999997,1.22
2131,1782579618334,-0.14999999999999999,0.46999999999999997,1.25
2132,1782579618384,-0.14999999999999999,0.46999999999999997,1.25
2133,1782579618401,-0.14999999999999999,0.48999999999999999,1.22
2134,1782579618434,-0.12,0.48999999999999999,1.1599999999999999
2135,1782579618451,-0.12,0.48999999999999999,1.0800000000000001
2136,1782579618467,-0.12,0.48999999999999999,1.05
2137,1782579618567,-0.12,0.25,1.28
2138,1782579618617,-0.12,0.25,1.3300000000000001
2139,1782579618701,-0.10000000000000001,0.25,1.28
2140,1782579618751,-0.089999999999999997,0.29999999999999999,1.1599999999999999
2141,1782579618851,-0.02,0.070000000000000007,1.01
2142,1782579618868,-0.040000000000000001,0.12,1.01
2143,1782579618934,-0.040000000000000001,0.14999999999999999,1.0700000000000001
2144,1782579618985,-0.040000000000000001,0.14999999999999999,0.98999999999999999
2145,1782579619035,-0.070000000000000007,0.17999999999999999,0.97999999999999998
2146,1782579619118,-0.080000000000000002,-0.22,0.98999999999999999
2147,1782579619284,-0.029999999999999999,-0.25,0.93000000000000005
2148,1782579619317,0.20000000000000001,-0.88,1
2149,1782579619350,0.17999999999999999,-0.88,0.90000000000000002
2150,1782579619367,0.17000000000000001,-0.67000000000000004,0.82999999999999996
2151,1782579619450,0.13,-0.60999999999999999,0.81999999999999995
2152,1782579619534,0.10000000000000001,-0.60999999999999999,0.81000000000000005
2153,1782579619600,0.17999999999999999,-0.51000000000000001,0.91000000000000003
2154,1782579619633,0.17999999999999999,-0.53000000000000003,0.95999999999999996
2155,1782579619733,0.13,-0.58999999999999997,0.96999999999999997
2156,1782579619816,0.13,-0.58999999999999997,0.97999999999999998
2157,1782579619833,0.14000000000000001,-0.5,1
2158,1782579619867,0.14000000000000001,-0.46999999999999997,0.98999999999999999
2159,1782579619933,0.12,-0.46999999999999997,0.89000000000000001
2160,1782579620000,0.12,-0.39000000000000001,0.89000000000000001
2161,1782579620033,0.12,-0.37,0.89000000000000001
2162,1782579620050,0.17000000000000001,-0.34999999999999998,0.91000000000000003
2163,1782579620066,0.20000000000000001,-0.34000000000000002,0.92000000000000004
2164,1782579620150,0.070000000000000007,-0.60999999999999999,0.81999999999999995
2165,1782579620249,0.050000000000000003,-0.45000000000000001,0.81999999999999995
2166,1782579620299,0.050000000000000003,-0.40000000000000002,0.77000000000000002
2167,1782579620349,0.050000000000000003,-0.40000000000000002,0.81999999999999995
2168,1782579620383,0.23999999999999999,-0.81000000000000005,0.90000000000000002
2169,1782579620433,0.23999999999999999,-0.81000000000000005,0.95999999999999996
2170,1782579620516,0.27000000000000002,-0.81999999999999995,0.95999999999999996
2171,1782579620582,0.28000000000000003,-0.91000000000000003,0.95999999999999996
2172,1782579620616,0.29999999999999999,-0.92000000000000004,0.96999999999999997
2173,1782579620666,0.29999999999999999,-0.92000000000000004,1.1399999999999999
2174,1782579620699,0.29999999999999999,-0.92000000000000004,1.1399999999999999
2175,1782579620699,0.17999999999999999,-0.57999999999999996,0.89000000000000001
2176,1782579620732,0.17000000000000001,-0.64000000000000001,0.98999999999999999
2177,1782579620749,0.17000000000000001,-0.64000000000000001,0.98999999999999999
2178,1782579620766,0.17000000000000001,-0.64000000000000001,0.98999999999999999
2179,1782579620799,0.10000000000000001,-0.60999999999999999,0.87
2180,1782579621099,0.14999999999999999,-0.59999999999999998,1.0900000000000001
2181,1782579621165,0.13,-0.59999999999999998,1.0900000000000001
2182,1782579621216,0.13,-0.58999999999999997,1.1699999999999999
2183,1782579621233,0.11,-0.58999999999999997,1.26
2184,1782579621282,0.11,-0.58999999999999997,1.26
2185,1782579621332,0.11,-0.54000000000000004,1.22
2186,1782579621382,0.11,-0.5,1.1299999999999999
2187,1782579621481,0.11,-0.45000000000000001,1.1000000000000001
2188,1782579621515,0.16,-0.79000000000000004,1.23
2189,1782579621565,0.14999999999999999,-0.79000000000000004,1.24
2190,1782579621615,0.14999999999999999,-0.76000000000000001,1.23
2191,1782579621682,0.19,-0.76000000000000001,0.97999999999999998
2192,1782579621715,0.19,-0.70999999999999996,0.81999999999999995
2193,1782579621798,0.13,-0.67000000000000004,0.97999999999999998
2194,1782579621899,0.13,-0.67000000000000004,0.97999999999999998
2195,1782579621998,0.14000000000000001,-0.67000000000000004,0.97999999999999998
2196,1782579622098,0.080000000000000002,-0.64000000000000001,1
2197,1782579622115,0.080000000000000002,-0.66000000000000003,1
2198,1782579622164,0.10000000000000001,-0.66000000000000003,1
2199,1782579622231,0.10000000000000001,-0.70999999999999996,1.03
2200,1782579622264,0.13,-0.70999999999999996,1.1799999999999999
2201,1782579622331,0.050000000000000003,-0.40000000000000002,1
2202,1782579622431,0.059999999999999998,-0.40000000000000002,1.1100000000000001
2203,1782579622482,0.070000000000000007,-0.40000000000000002,1.1100000000000001
2204,1782579622531,0.13,-0.40999999999999998,1.1299999999999999
2205,1782579622547,0.070000000000000007,-0.39000000000000001,0.82999999999999996
2206,1782579622581,0.10000000000000001,-0.41999999999999998,0.85999999999999999
2207,1782579622631,0.070000000000000007,-0.48999999999999999,0.89000000000000001
2208,1782579622697,0.11,-0.52000000000000002,0.97999999999999998
2209,1782579622714,0.11,-0.56999999999999995,1.0800000000000001
2210,1782579622764,0.13,-0.57999999999999996,1.1699999999999999
2211,1782579622881,0.089999999999999997,-0.57999999999999996,1
2212,1782579622914,0.070000000000000007,-0.57999999999999996,1.02
2213,1782579622931,0.089999999999999997,-0.58999999999999997,1.02
2214,1782579622947,0.10000000000000001,-0.63,1
2215,1782579622981,0.13,-0.63,0.97999999999999998
2216,1782579622997,0.13,-0.63,0.98999999999999999
2217,1782579623047,0.13,-0.65000000000000002,0.98999999999999999
2218,1782579623097,0.13,-0.66000000000000003,0.97999999999999998
2219,1782579623131,0.13,-0.68999999999999995,0.98999999999999999
2220,1782579623264,0.14999999999999999,-0.66000000000000003,1.0900000000000001
2221,1782579623297,0.14999999999999999,-0.68000000000000005,1.0900000000000001
2222,1782579623364,0.16,-0.68000000000000005,1.0900000000000001
2223,1782579623431,0.14999999999999999,-0.58999999999999997,1.1299999999999999
2224,1782579623463,0.13,-0.56999999999999995,0.94999999999999996
2225,1782579623497,0.13,-0.56999999999999995,0.94999999999999996
2226,1782579623563,0.14999999999999999,-0.48999999999999999,0.88
2227,1782579623597,0.14999999999999999,-0.48999999999999999,0.88
2228,1782579623647,0.13,-0.48999999999999999,0.88
2229,1782579623697,0.10000000000000001,-0.23999999999999999,0.93999999999999995
2230,1782579623780,0.059999999999999998,-0.28000000000000003,0.94999999999999996
2231,1782579623797,0.080000000000000002,-0.31,1.0800000000000001
2232,1782579623814,0.080000000000000002,-0.35999999999999999,1.22
2233,1782579623847,0.080000000000000002,-0.52000000000000002,1.22
2234,1782579623913,0.080000000000000002,-0.54000000000000004,1.2
2235,1782579623963,0.11,-0.72999999999999998,1.1200000000000001
2236,1782579624063,0.13,-0.79000000000000004,1.1899999999999999
2237,1782579624146,0.13,-0.83999999999999997,1.1899999999999999
2238,1782579624163,0.17999999999999999,-0.83999999999999997,1.1899999999999999
2239,1782579624180,0.17999999999999999,-0.83999999999999997,1.1000000000000001
2240,1782579624213,0.16,-0.70999999999999996,1.1499999999999999
2241,1782579624296,0.20000000000000001,-0.70999999999999996,1.1499999999999999
2242,1782579624363,0.20999999999999999,-0.71999999999999997,1.1799999999999999
2243,1782579624463,0.20999999999999999,-0.70999999999999996,1.0600000000000001
2244,1782579624480,0.10000000000000001,-0.54000000000000004,1.01
2245,1782579624530,0.10000000000000001,-0.44,0.97999999999999998
2246,1782579624596,0.10000000000000001,-0.40000000000000002,0.96999999999999997
2247,1782579624662,0.10000000000000001,-0.40000000000000002,0.96999999999999997
2248,1782579624746,0.20000000000000001,-0.40000000000000002,0.96999999999999997
2249,1782579624779,0.12,-0.54000000000000004,1
2250,1782579624845,0.19,-0.75,1.1499999999999999
2251,1782579624913,0.19,-0.83999999999999997,1.27
2252,1782579624996,0.23999999999999999,-0.87,1.4299999999999999
2253,1782579625012,0.13,-0.55000000000000004,1.1000000000000001
2254,1782579625046,0.16,-0.81000000000000005,1.52
2255,1782579625112,0.19,-0.82999999999999996,1.52
2256,1782579625145,0.19,-0.82999999999999996,1.52
2257,1782579625229,0.19,-0.81000000000000005,1.23
2258,1782579625362,0.25,-0.62,0.97999999999999998
2259,1782579625412,0.25,-0.58999999999999997,0.97999999999999998
2260,1782579625462,0.20000000000000001,-0.46000000000000002,0.97999999999999998
2261,1782579625495,0.20000000000000001,-0.45000000000000001,0.90000000000000002
2262,1782579625578,0.17000000000000001,-0.42999999999999999,0.88
2263,1782579625679,0.10000000000000001,-0.51000000000000001,0.83999999999999997
2264,1782579625729,0.10000000000000001,-0.51000000000000001,0.83999999999999997
2265,1782579625778,0.14999999999999999,-0.51000000000000001,0.83999999999999997
2266,1782579625828,0.14999999999999999,-0.63,1.1499999999999999
2267,1782579625861,0.14999999999999999,-0.68999999999999995,1.3700000000000001
2268,1782579625895,0.14999999999999999,-0.68999999999999995,1.3700000000000001
2269,1782579625978,0.22,-0.76000000000000001,1.1599999999999999
2270,1782579626078,0.12,-0.77000000000000002,1.27
2271,1782579626112,0.12,-0.77000000000000002,1.1599999999999999
2272,1782579626145,0.12,-0.71999999999999997,1.1599999999999999
2273,1782579626245,0.13,-0.70999999999999996,0.95999999999999996
2274,1782579626344,0.13,-0.64000000000000001,0.84999999999999998
2275,1782579626378,0.14000000000000001,-0.59999999999999998,0.78000000000000003
2276,1782579626461,0.059999999999999998,-0.37,0.70999999999999996
2277,1782579626494,0.040000000000000001,-0.37,0.70999999999999996
2278,1782579626611,0.029999999999999999,-0.37,0.73999999999999999
2279,1782579626661,0.02,-0.39000000000000001,0.73999999999999999
2280,1782579626711,0.050000000000000003,-0.40000000000000002,0.94999999999999996
2281,1782579626727,0.059999999999999998,-0.38,0.96999999999999997
2282,1782579626744,0.050000000000000003,-0.38,0.96999999999999997
2283,1782579626761,0.050000000000000003,-0.38,0.96999999999999997
2284,1782579626794,0.050000000000000003,-0.35999999999999999,0.93000000000000005
2285,1782579626861,0.050000000000000003,-0.34999999999999998,0.93000000000000005
2286,1782579626960,0.070000000000000007,-0.35999999999999999,1
2287,1782579627044,0.040000000000000001,-0.34000000000000002,1
2288,1782579627094,0.070000000000000007,-0.27000000000000002,1
2289,1782579627144,0.070000000000000007,-0.25,0.97999999999999998
2290,1782579627194,0.050000000000000003,-0.23999999999999999,1.0900000000000001
2291,1782579627294,0.029999999999999999,-0.23999999999999999,1.05
2292,1782579627377,0.02,-0.23999999999999999,0.97999999999999998
2293,1782579627443,0.01,-0.22,0.93999999999999995
2294,1782579627510,0.14000000000000001,-0.17999999999999999,0.93999999999999995
2295,1782579627577,0.13,-0.20999999999999999,0.85999999999999999
2296,1782579627676,0.080000000000000002,-0.20999999999999999,0.85999999999999999
2297,1782579627743,0.050000000000000003,-0.14000000000000001,1.1200000000000001
2298,1782579627794,0.059999999999999998,-0.14000000000000001,1.1200000000000001
2299,1782579627843,0.050000000000000003,-0.14000000000000001,1.1200000000000001
2300,1782579627893,0.050000000000000003,-0.14000000000000001,1.1200000000000001
2301,1782579627960,0.059999999999999998,-0.12,1.02
2302,1782579628026,0.070000000000000007,-0.10000000000000001,0.98999999999999999
2303,1782579628093,0.059999999999999998,-0.040000000000000001,0.71999999999999997
2304,1782579628193,0.029999999999999999,0.02,0.71999999999999997
2305,1782579628226,0,0.10000000000000001,0.71999999999999997
2306,1782579628343,0.10000000000000001,-0.22,1.01
2307,1782579628476,0.10000000000000001,-0.22,1.04
2308,1782579628526,0.080000000000000002,-0.23000000000000001,1.01
2309,1782579628543,0.12,-0.37,1.05
2310,1782579628576,0.089999999999999997,-0.34999999999999998,0.93999999999999995
2311,1782579628609,0.089999999999999997,-0.25,0.78000000000000003
2312,1782579628676,0.12,-0.17000000000000001,0.67000000000000004
2313,1782579628742,0.12,-0.16,0.67000000000000004
2314,1782579628875,0.20999999999999999,-0.38,0.96999999999999997
2315,1782579628909,0.12,-0.38,0.93999999999999995
2316,1782579628925,0.080000000000000002,-0.32000000000000001,0.93999999999999995
2317,1782579628942,0.080000000000000002,-0.31,0.93999999999999995
2318,1782579629009,0.11,-0.23000000000000001,0.95999999999999996
2319,1782579629059,0.01,-0.34999999999999998,1.1799999999999999
2320,1782579629109,0.040000000000000001,-0.33000000000000002,1.1799999999999999
2321,1782579629225,0,-0.22,1.2
2322,1782579629259,-0,-0.20999999999999999,1.2
2323,1782579629292,0,-0.20999999999999999,1.1100000000000001
2324,1782579629309,0.040000000000000001,-0.20999999999999999,1.0600000000000001
2325,1782579629342,0.12,-0.01,1.0800000000000001
2326,1782579629392,0.12,0.02,1.0600000000000001
2327,1782579629508,0.12,0.040000000000000001,0.90000000000000002
2328,1782579629592,0.12,0.29999999999999999,1.0800000000000001
2329,1782579629659,0.14999999999999999,0.29999999999999999,1.0800000000000001
2330,1782579629708,0.14999999999999999,0.32000000000000001,1.0800000000000001
2331,1782579629792,0.12,0.41999999999999998,1.21
2332,1782579629858,-0.059999999999999998,0.79000000000000004,1.24
2333,1782579629908,-0.059999999999999998,0.81999999999999995,1.1499999999999999
2334,1782579630008,-0.059999999999999998,0.81999999999999995,1.1499999999999999
2335,1782579630075,-0.059999999999999998,0.81999999999999995,1.0700000000000001
2336,1782579630141,0,0.81999999999999995,1.0900000000000001
2337,1782579630208,0,0.81999999999999995,1.0900000000000001
2338,1782579630275,0,0.81999999999999995,1.0900000000000001
2339,1782579630341,0.01,0.85999999999999999,1.0800000000000001
2340,1782579630391,0.01,0.85999999999999999,0.95999999999999996
2341,1782579630491,0,0.96999999999999997,0.81000000000000005
2342,1782579630557,0.01,0.88,0.81000000000000005
2343,1782579630657,0.029999999999999999,0.62,0.98999999999999999
2344,1782579630724,-0,0.68999999999999995,1.0600000000000001
2345,1782579630790,-0.070000000000000007,0.60999999999999999,1.0600000000000001
2346,1782579630824,0,0.60999999999999999,0.98999999999999999
2347,1782579630924,-0.01,0.60999999999999999,0.97999999999999998
2348,1782579631025,0.28000000000000003,0.66000000000000003,1.0700000000000001
2349,1782579631074,0.28000000000000003,0.65000000000000002,1.0700000000000001
2350,1782579631090,0.25,0.65000000000000002,0.98999999999999999
2351,1782579631141,0.25,0.65000000000000002,0.96999999999999997
2352,1782579631240,0.11,1.0700000000000001,1.1399999999999999
2353,1782579631324,0.23000000000000001,0.95999999999999996,1.05
2354,1782579631357,0.28000000000000003,0.81000000000000005,0.97999999999999998
2355,1782579631374,0.28000000000000003,0.70999999999999996,0.96999999999999997
2356,1782579631407,0.28000000000000003,0.69999999999999996,0.96999999999999997
2357,1782579631523,0.22,1.0800000000000001,0.78000000000000003
2358,1782579631590,0.23999999999999999,1.0600000000000001,0.78000000000000003
2359,1782579631657,0.23999999999999999,0.80000000000000004,0.82999999999999996
2360,1782579631706,0.23999999999999999,0.77000000000000002,1
2361,1782579631723,0.14000000000000001,0.93999999999999995,0.88
2362,1782579631790,0.12,0.93999999999999995,0.88
2363,1782579631873,0.070000000000000007,0.93999999999999995,0.88
2364,1782579631923,0.050000000000000003,0.85999999999999999,1.1000000000000001
2365,1782579632040,0.040000000000000001,0.67000000000000004,1.02
2366,1782579632073,0.070000000000000007,0.66000000000000003,1.02
2367,1782579632123,0.070000000000000007,0.62,1.02
2368,1782579632173,0.070000000000000007,0.54000000000000004,1.04
2369,1782579632206,0.070000000000000007,0.5,1.02
2370,1782579632256,0.14000000000000001,0.42999999999999999,0.98999999999999999
2371,1782579632323,0.14000000000000001,0.42999999999999999,0.96999999999999997
2372,1782579632373,0.14000000000000001,0.45000000000000001,0.97999999999999998
2373,1782579632439,0.12,0.46999999999999997,0.97999999999999998
2374,1782579632506,0.11,0.38,0.89000000000000001
2375,1782579632556,0.12,0.38,0.90000000000000002
2376,1782579632572,0.12,0.37,1.04
2377,1782579632605,0.17000000000000001,0.37,1.0700000000000001
2378,1782579632623,0.17000000000000001,0.37,1.0700000000000001
2379,1782579632656,0.17000000000000001,0.37,1.0700000000000001
2380,1782579632723,0.17000000000000001,0.37,1.0700000000000001
2381,1782579632789,0.16,0.40999999999999998,1
2382,1782579632872,0.080000000000000002,0.32000000000000001,1.02
2383,1782579632989,0.10000000000000001,0.34000000000000002,0.93000000000000005
2384,1782579633122,0.089999999999999997,0.29999999999999999,0.97999999999999998
2385,1782579633155,0.070000000000000007,0.29999999999999999,0.97999999999999998
2386,1782579633205,0.050000000000000003,0.29999999999999999,0.98999999999999999
2387,1782579633255,0.050000000000000003,0.28999999999999998,1
2388,1782579633305,0.070000000000000007,0.27000000000000002,1.0600000000000001
2389,1782579633388,0.10000000000000001,0.28999999999999998,0.93999999999999995
2390,1782579633438,0.11,0.28999999999999998,0.93999999999999995
2391,1782579633505,0.11,0.22,1.1399999999999999
2392,1782579633539,0.11,0.14999999999999999,1.1399999999999999
2393,1782579633571,0.11,0.11,1.1399999999999999
2394,1782579633638,0.11,0.13,1.02
2395,1782579633772,0.14000000000000001,0.10000000000000001,1.02
2396,1782579633838,0.14000000000000001,0.10000000000000001,1.01
2397,1782579633871,0.13,0.10000000000000001,1.02
2398,1782579633888,0.13,0.10000000000000001,0.96999999999999997
2399,1782579633954,0.13,0.10000000000000001,0.93999999999999995
2400,1782579634004,0.14000000000000001,0.10000000000000001,0.93000000000000005
2401,1782579634071,0.14000000000000001,0.089999999999999997,0.93000000000000005
2402,1782579634104,0.14000000000000001,0.089999999999999997,0.93000000000000005
2403,1782579634221,0.029999999999999999,0,1.04
2404,1782579634287,0.029999999999999999,0,1.04
2405,1782579634371,0.070000000000000007,-0.02,1.0600000000000001
2406,1782579634404,0.089999999999999997,-0.02,1.0800000000000001
2407,1782579634421,0.089999999999999997,-0.02,1.1499999999999999
2408,1782579634454,0.10000000000000001,-0.02,1.0800000000000001
2409,1782579634538,0.11,-0.02,1.05
2410,1782579634604,0.11,-0.02,1.05
2411,1782579634654,0.17999999999999999,-0.01,1.05
2412,1782579634688,0.19,0.01,1.05
2413,1782579634704,0.19,0.01,1.03
2414,1782579634771,0.20000000000000001,0.02,1.02
2415,1782579634804,0.20000000000000001,0.02,1.02
2416,1782579634937,0.17000000000000001,-0,1.02
2417,1782579634970,0.14000000000000001,-0,1.04
2418,1782579635020,0.14000000000000001,-0,1.02
2419,1782579635054,0.13,0.01,1.02
2420,1782579635087,0.11,0.01,1.03
2421,1782579635103,0.11,0.01,1.03
2422,1782579635153,0.11,0.02,1.03
2423,1782579635187,0.10000000000000001,0.02,1.03
2424,1782579635220,0.14000000000000001,0.029999999999999999,0.97999999999999998
2425,1782579635254,0.13,0.02,1
2426,1782579635320,0.13,0.02,1
2427,1782579635353,0.13,0.01,1
2428,1782579635403,0.13,0.01,1
2429,1782579635487,0.14000000000000001,0.029999999999999999,0.96999999999999997
2430,1782579635520,0.16,0.029999999999999999,0.96999999999999997
2431,1782579635587,0.16,0.029999999999999999,0.98999999999999999
2432,1782579635604,0.11,0.01,1.02
2433,1782579635670,0.16,0.029999999999999999,0.98999999999999999
2434,1782579635720,0.13,0.040000000000000001,0.98999999999999999
2435,1782579635786,0.12,0.040000000000000001,1
2436,1782579635870,0.12,0.040000000000000001,0.98999999999999999
2437,1782579635936,0.13,0.040000000000000001,1.02
2438,1782579635953,0.14999999999999999,0.040000000000000001,0.98999999999999999
2439,1782579635970,0.14000000000000001,0.029999999999999999,1.02
2440,1782579635987,0.16,0.029999999999999999,1.01
2441,1782579636103,0.17000000000000001,0.029999999999999999,1.01
2442,1782579636202,0.17000000000000001,0.029999999999999999,1.01
2443,1782579636253,0.02,0.01,1.01
2444,1782579636286,-0,0,1.01
2445,1782579636353,-0,0,1.02
2446,1782579636436,-0,0,1.02
2447,1782579636486,0.02,0,1.02
2448,1782579636502,0.02,0,1.02
2449,1782579636519,0.02,0,1.02
2450,1782579636552,0.029999999999999999,0,1.01
2451,1782579636635,0.029999999999999999,0,1
2452,1782579636719,0.029999999999999999,0,1
2453,1782579636752,0,-0,1.02
2454,1782579636835,0.01,-0,1.02
2455,1782579636936,0.01,0,1.02
2456,1782579636936,0.02,0,1.02
2457,1782579636968,0.02,0.01,1.01
2458,1782579636986,0.02,0.01,1.01
2459,1782579637019,0.01,-0,1.01
2460,1782579637085,0.01,0,1.01
2461,1782579637118,0.01,0,1.01
2462,1782579637218,0.01,0,1.01
2463,1782579637251,0.01,0,1.01
2464,1782579637302,0.01,0,1.01
2465,1782579637368,0.01,0,1.02
2466,1782579637402,0.01,0,1.02
2467,1782579637469,0.01,0,1.02
2468,1782579637518,0.01,0,1.02
2469,1782579637585,0.01,0,1.01
2470,1782579637618,0.01,0,1.01
2471,1782579637668,0.01,0,1.01
2472,1782579637685,0.01,0,1.01
2473,1782579637718,0.01,-0,1.02
2474,1782579637735,0.01,-0,1.02
2475,1782579637768,0.01,-0,1.02
2476,1782579637802,0.01,0,1.02
2477,1782579637852,0.01,0,1.01
2478,1782579637884,0.01,-0,1.02
2479,1782579637951,0.01,-0,1.02
2480,1782579637984,0.01,0,1.02
2481,1782579638018,0.02,0,1.01
2482,1782579638068,0.02,0,1.01
2483,1782579638168,0.01,0,1.02
2484,1782579638268,0.01,0,1.02
2485,1782579638367,0,-0,1.02
2486,1782579638451,0.01,0,1.02
2487,1782579638500,0.01,0,1.02
2488,1782579638601,0.01,-0,1.02
2489,1782579638634,0.01,-0,1.02
2490,1782579638684,-0.070000000000000007,-0.01,0.98999999999999999
2491,1782579638751,-0.02,-0.01,0.97999999999999998
2492,1782579638867,-0.02,0.01,1.02
2493,1782579638917,-0.02,-0.01,1.03
2494,1782579638951,-0.01,-0.01,1.03
2495,1782579638984,-0.01,-0.01,1.03
2496,1782579639067,-0.01,-0.01,1.02
2497,1782579639150,0.029999999999999999,-0,1
2498,1782579639201,0.029999999999999999,-0,1
2499,1782579639301,0.040000000000000001,-0,1
2500,1782579639333,0.040000000000000001,-0,1.01
2501,1782579639366,0.040000000000000001,0,1.01
2502,1782579639384,0.040000000000000001,0,1.01
2503,1782579639433,0.02,0.01,1.01
2504,1782579639467,0.02,0.01,1.01
2505,1782579639516,0.02,0.01,1.01
2506,1782579639617,0.02,0.01,1.01
2507,1782579639700,0.02,0,1.01
2508,1782579639733,0.02,0,1.01
2509,1782579639799,0.02,0,1.01
2510,1782579639933,0.02,0,1.01
2511,1782579640016,0.01,-0,1.02
2512,1782579640066,0.01,0,1.01
2513,1782579640133,0.01,0,1.01
2514,1782579640166,0.01,0,1.01
2515,1782579640183,0.01,0,1.01
2516,1782579640216,0.01,0,1.01
2517,1782579640233,0.01,0,1.01
2518,1782579640249,0.01,0,1.01
2519,1782579640282,0.01,0,1.01
2520,1782579640383,0.01,0,1.01
2521,1782579640433,0.01,0,1.01
2522,1782579640466,0.01,0,1.01
2523,1782579640516,0.01,0,1.01
2524,1782579640533,0.029999999999999999,0,1.01
2525,1782579640599,0.029999999999999999,0.01,1.02
2526,1782579640665,0.02,0.01,1.02
2527,1782579640765,0.02,0.01,1.02
2528,1782579640816,0.02,0,1.01
2529,1782579640882,0.02,0,1.01
2530,1782579640916,0.02,0,1
2531,1782579640999,0.02,0,1
2532,1782579641065,0.02,0,1.01
2533,1782579641099,-0.050000000000000003,-0.029999999999999999,1.01
2534,1782579641148,-0.12,-0.029999999999999999,1.01
2535,1782579641198,-0.16,-0.029999999999999999,0.97999999999999998
2536,1782579641249,-0.20999999999999999,0.01,0.97999999999999998
2537,1782579641365,-0.059999999999999998,0.029999999999999999,1.01
2538,1782579641415,-0.029999999999999999,-0,1.05
2539,1782579641432,-0.02,-0.01,1.0800000000000001
2540,1782579641548,0.029999999999999999,-0.050000000000000003,1.0800000000000001
2541,1782579641581,0.01,-0.029999999999999999,1.0600000000000001
2542,1782579641648,0.040000000000000001,-0.029999999999999999,1.0600000000000001
2543,1782579641748,0.050000000000000003,-0.080000000000000002,1.05
2544,1782579641764,0.070000000000000007,-0.089999999999999997,1.0600000000000001
2545,1782579641781,0.070000000000000007,-0.089999999999999997,1.0600000000000001
2546,1782579641798,0.070000000000000007,-0.080000000000000002,1.03
2547,1782579641831,0.14999999999999999,-0.040000000000000001,1.02
2548,1782579641881,0.14999999999999999,-0.040000000000000001,1.01
2549,1782579641964,0.14999999999999999,-0.029999999999999999,1.01
2550,1782579642065,0.13,-0.02,1.01
2551,1782579642098,-0.01,-0.040000000000000001,1
2552,1782579642148,-0.01,-0.029999999999999999,1
2553,1782579642198,-0.01,-0.01,1
2554,1782579642264,-0.01,-0.01,1
2555,1782579642414,0,0.01,1.02
2556,1782579642464,0,0.01,1.02
2557,1782579642514,0,0.01,1.02
2558,1782579642564,0,0,1.02
2559,1782579642581,0,0,1.02
2560,1782579642614,0.01,-0,1.02
2561,1782579642631,0.01,-0.01,1.02
2562,1782579642664,0.02,-0.01,1.01
2563,1782579642714,0.01,-0.01,1.01
2564,1782579642764,0.01,-0.01,1.01
2565,1782579642847,0.01,-0.01,1.02
2566,1782579642932,0.01,-0,1.01
2567,1782579642997,0.01,-0,1.02
2568,1782579643064,0.01,0,1.02
2569,1782579643130,0.01,0,1.02
2570,1782579643197,0.01,0,1.02
2571,1782579643230,0.01,0,1.02
2572,1782579643297,0.01,0,1.02
2573,1782579643347,0.01,0,1.01
2574,1782579643397,0.01,0,1.01
2575,1782579643463,0.01,0,1.01
2576,1782579643580,0.01,0,1.01
2577,1782579643630,0.01,0,1.01
2578,1782579643681,0.01,0,1.01
2579,1782579643713,0.01,0,1.01
2580,1782579643779,0.01,0,1.02
2581,1782579643830,0.01,0,1.01
2582,1782579643864,0.01,0,1.02
2583,1782579643913,0.01,0,1.02
2584,1782579644013,0.01,0,1.02
2585,1782579644064,0.01,0,1.01
2586,1782579644130,0.01,0,1.02
2587,1782579644197,0.01,0,1.01
2588,1782579644263,0.01,0,1.01
2589,1782579644363,0.01,0,1.02
2590,1782579644413,0.01,0,1.02
2591,1782579644464,0.01,0,1.02
2592,1782579644512,0.01,0,1.02
2593,1782579644563,0.01,0,1.02
2594,1782579644745,0.01,0,1.01
2595,1782579644779,0.01,0,1.01
2596,1782579644845,0.01,0,1.02
2597,1782579644895,0.01,0,1.02
2598,1782579644946,0.01,0,1.01
2599,1782579644996,0.01,0,1.01
2600,1782579645046,0.01,0,1.01
2601,1782579645063,0.01,0,1.01
2602,1782579645079,0.01,-0,1.02
2603,1782579645129,0.01,-0,1.02
2604,1782579645212,0.01,-0,1.02
2605,1782579645278,0.01,-0,1.01
2606,1782579645345,0.01,0,1.01
2607,1782579645395,0.01,0,1.01
2608,1782579645461,0.01,0,1.01
2609,1782579645528,0.01,0,1.01
2610,1782579645612,0.01,0,1.02
2611,1782579645694,0.01,0,1.02
2612,1782579645761,0.01,0,1.02
2613,1782579645812,0.01,0,1.02
2614,1782579645844,0.01,0,1.02
2615,1782579645861,0.01,0,1.01
2616,1782579645894,0.01,0,1.01
2617,1782579645962,0.01,0,1.01
2618,1782579646044,0.01,0,1.01
2619,1782579646095,0.01,0,1.01
2620,1782579646145,0.01,-0,1.01
2621,1782579646211,0.01,-0,1.02
2622,1782579646244,0.01,-0,1.02
2623,1782579646277,0.01,-0,1.02
2624,1782579646311,0.01,-0,1.02
2625,1782579646377,0.01,0,1.02
2626,1782579646444,0.01,-0,1.02
2627,1782579646544,0.01,-0,1.01
2628,1782579646577,0.01,-0,1.01
2629,1782579646612,0.01,-0,1.01
2630,1782579646627,0.01,0,1.01
2631,1782579646694,0.01,0,1.01
2632,1782579646727,0.01,0,1.01
2633,1782579646777,0.01,0,1.01
2634,1782579646827,0.01,0,1.01
2635,1782579646894,0.01,0,1.01
2636,1782579647011,0.01,0,1.02
2637,1782579647060,0.01,0,1.02
2638,1782579647111,0.01,0,1.02
2639,1782579647160,0.01,0,1.02
2640,1782579647226,0.01,0,1.02
2641,1782579647243,0.01,0,1.01
2642,1782579647310,0.01,0,1.02
2643,1782579647343,0.01,0,1.02
2644,1782579647377,0.01,0,1.02
2645,1782579647393,0.01,0,1.01
2646,1782579647426,0.01,0,1.01
2647,1782579647477,0.01,0,1.01
2648,1782579647509,0.01,0,1.02
2649,1782579647576,0.01,0,1.02
2650,1782579647626,0.01,0,1.01
2651,1782579647693,0.01,0,1.01
2652,1782579647743,0.01,0,1.01
2653,1782579647777,0.01,0,1.01
2654,1782579647793,0.01,0,1.01
2655,1782579647876,0.01,0,1.01
2656,1782579647926,0.01,0,1.02
2657,1782579647993,0.01,0,1.02
2658,1782579648076,0.01,0,1.01
2659,1782579648126,0.01,0,1.01
2660,1782579648176,0.01,0,1.01
2661,1782579648226,0.01,0,1.01
2662,1782579648343,0.01,-0,1.01
2663,1782579648376,0.01,-0,1.01
2664,1782579648425,0.01,0,1.01
2665,1782579648492,0.01,0,1.02
2666,1782579648575,0.01,0,1.02
2667,1782579648575,0.01,-0,1.01
2668,1782579648609,0.01,0,1.01
2669,1782579648659,0.01,0,1.01
2670,1782579648742,0.01,0,1.01
2671,1782579648809,0.01,0,1.01
2672,1782579648875,0.01,-0,1.02
2673,1782579648942,0.01,-0,1.02
2674,1782579648959,0.01,-0,1.02
2675,1782579648992,0.01,0,1.01
2676,1782579649059,0.01,0,1.01
2677,1782579649126,0.01,-0,1.01
2678,1782579649159,0.01,0,1.01
2679,1782579649208,0.01,0,1.01
2680,1782579649309,0.01,0,1.01
2681,1782579649325,0.01,0,1.01
2682,1782579649358,0.01,0,1.01
2683,1782579649375,0.01,0,1.01
2684,1782579649425,0.01,0,1.02
2685,1782579649491,0.01,0,1.02
2686,1782579649574,0.01,0,1.02
2687,1782579649608,0.01,0,1.02
2688,1782579649626,0.01,0,1.02
2689,1782579649642,0.01,0,1.02
2690,1782579649674,0.01,0,1.01
2691,1782579649741,0.01,0,1.02
2692,1782579649775,0.01,-0,1.02
2693,1782579649875,0.01,-0,1.01
2694,1782579649941,0.01,-0,1.01
2695,1782579649974,0.01,0,1.01
2696,1782579650007,0.01,0,1.01
2697,1782579650041,0.01,0,1.01
2698,1782579650107,0.01,0,1.02
2699,1782579650175,0.01,0,1.02
2700,1782579650257,0.01,0,1.01
2701,1782579650275,0.01,0,1.01
2702,1782579650291,0.01,0,1.01
2703,1782579650324,0.01,0,1.01
2704,1782579650357,0.01,0,1.01
2705,1782579650424,0.01,0,1.01
2706,1782579650557,0.01,0,1.02
2707,1782579650657,0.01,0,1.02
2708,1782579650674,0.01,0,1.02
2709,1782579650691,0.01,0,1.02
2710,1782579650724,0.01,0,1.02
2711,1782579650841,0.01,0,1.01
2712,1782579650874,0.01,0,1.01
2713,1782579650940,0.01,0,1.01
2714,1782579650974,0.01,0,1.01
2715,1782579651007,0.01,0,1.01
2716,1782579651124,0.01,0,1.01
2717,1782579651223,0.01,0,1.01
2718,1782579651257,0.01,0,1.01
2719,1782579651307,0.01,0,1.02
2720,1782579651373,0.01,0,1.02
2721,1782579651506,0.01,0,1.01
2722,1782579651556,0.01,0,1.01
2723,1782579651573,0.01,0,1.01
2724,1782579651606,0.01,0,1.01
2725,1782579651656,0.01,0,1.01
2726,1782579651740,0.01,0,1.01
2727,1782579651823,0.01,0,1.02
2728,1782579651857,0.01,0,1.02
2729,1782579651890,0.01,0,1.02
2730,1782579651939,0.01,0,1.02
2731,1782579651973,0.01,0,1.02
2732,1782579652023,0.01,0,1.02
2733,1782579652089,0.01,0,1.02
2734,1782579652172,0.01,0,1.01
2735,1782579652189,0.01,-0,1.02
2736,1782579652240,0.01,-0,1.02
2737,1782579652306,0.01,-0,1.02
2738,1782579652389,0.01,-0,1.02
2739,1782579652489,0.01,-0,1.02
2740,1782579652572,0.01,-0,1.02
2741,1782579652689,0.01,0.01,1.02
2742,1782579652722,0.01,0,1.02
2743,1782579652823,0.01,0,1.02
2744,1782579652905,0.01,0,1.02
2745,1782579652955,0.01,0.01,1.02
2746,1782579652989,0.01,0,1.01
2747,1782579653072,0.01,0,1.01
2748,1782579653155,0.01,0,1.01
2749,1782579653189,0.01,0,1.01
2750,1782579653239,0.01,0,1.02
2751,1782579653272,0.01,0,1.01
2752,1782579653339,0.01,0,1.01
2753,1782579653355,0.01,0,1.01
2754,1782579653372,0.01,0,1.01
2755,1782579653472,0.01,0,1.02
2756,1782579653555,0.01,0,1.02
2757,1782579653621,0.01,0,1.02
2758,1782579653671,0.01,0,1.02
2759,1782579653689,0.01,0,1.01
2760,1782579653705,0.01,0,1.01
2761,1782579653738,0.01,0,1.02
2762,1782579653821,0.01,0,1.02
2763,1782579653922,0.01,0,1.02
2764,1782579653988,0.01,0,1.02
2765,1782579654021,0.01,0,1.01
2766,1782579654071,0.01,0,1.01
2767,1782579654154,0.02,0,1.01
2768,1782579654255,0.02,0,1.01
2769,1782579654271,0.02,-0,1.01
2770,1782579654338,0.01,-0,1.01
2771,1782579654421,0.01,0,1.01
2772,1782579654471,0.01,0,1.01
2773,1782579654554,0.01,0,1.01
2774,1782579654587,0.01,0,1.01
2775,1782579654637,-0.17999999999999999,-0.02,0.96999999999999997
2776,1782579654721,-0.17999999999999999,0,0.97999999999999998
2777,1782579654754,-0.17999999999999999,0.029999999999999999,0.97999999999999998
2778,1782579654820,-0.13,0.029999999999999999,0.97999999999999998
2779,1782579654871,0.01,-0.059999999999999998,1.0600000000000001
2780,1782579654954,0.01,-0.080000000000000002,1.0800000000000001
2781,1782579655070,0.01,-0.10000000000000001,1.1399999999999999
2782,1782579655105,-0.040000000000000001,-0.11,1.1000000000000001
2783,1782579655121,-0.040000000000000001,-0.11,1.1000000000000001
2784,1782579655153,-0.040000000000000001,-0.089999999999999997,1.0900000000000001
2785,1782579655187,-0.029999999999999999,-0.050000000000000003,1.0600000000000001
2786,1782579655254,-0.01,-0.01,1
2787,1782579655386,-0.040000000000000001,-0.040000000000000001,1.02
2788,1782579655420,-0.040000000000000001,-0.029999999999999999,1.01
2789,1782579655486,-0.040000000000000001,-0.02,1.01
2790,1782579655505,-0.029999999999999999,0,1
2791,1782579655520,-0.02,0.02,1
2792,1782579655537,-0,0.029999999999999999,0.98999999999999999
2793,1782579655636,-0.02,-0.01,1
2794,1782579655704,-0.02,-0.01,1
2795,1782579655770,-0.02,-0.01,1.01
2796,1782579655803,-0.01,-0,1.01
2797,1782579655836,-0.01,-0,1.01
2798,1782579655936,0.02,0,1.01
2799,1782579656036,0.029999999999999999,0.01,1.01
2800,1782579656086,0.029999999999999999,0.01,1.02
2801,1782579656153,0.01,-0,1.02
2802,1782579656219,0.01,-0,1.02
2803,1782579656253,-0,0,1.02
2804,1782579656352,-0,0.01,1.01
2805,1782579656403,-0,0,1.03
2806,1782579656419,0,0,1.03
2807,1782579656469,0.01,0,1.03
2808,1782579656502,0.01,0,1.02
2809,1782579656552,0.02,0,1.02
2810,1782579656619,0.02,0.01,1.01
2811,1782579656652,0.01,0,1.01
2812,1782579656719,0.01,0,1.01
2813,1782579656752,0.01,0,1.01
2814,1782579656802,0.01,0,1.01
2815,1782579656869,0.02,0,1.01
2816,1782579656919,0.02,0,1.01
2817,1782579656986,0.02,0,1.01
2818,1782579657018,0.01,-0,1.01
2819,1782579657069,0.01,-0,1.01
2820,1782579657135,0.01,-0,1.02
2821,1782579657168,0.01,-0,1.02
2822,1782579657235,0.01,-0,1.02
2823,1782579657319,0.02,0,1.02
2824,1782579657418,0.01,0,1.01
2825,1782579657485,0.01,0,1.01
2826,1782579657485,0.01,-0,1.01
2827,1782579657552,0.01,-0,1.01
2828,1782579657619,0.01,0,1.01
2829,1782579657635,0.01,0,1.01
2830,1782579657685,0.01,0.01,1.01
2831,1782579657735,0.01,-0,1.01
2832,1782579657802,0.01,0,1.02
2833,1782579657834,0.01,0,1.02
2834,1782579657885,0.01,0,1.02
2835,1782579658001,0.01,-0,1.01
2836,1782579658068,0.01,0,1.01
2837,1782579658117,0.01,0,1.01
2838,1782579658167,0.01,0,1.02
2839,1782579658234,0.01,0,1.02
2840,1782579658301,-0,-0,1.01
2841,1782579658401,0,0,1.01
2842,1782579658434,0,0,1.01
2843,1782579658517,0,0,1.02
2844,1782579658534,0.01,0,1.01
2845,1782579658551,0.01,0,1.01
2846,1782579658701,0.01,-0,1
2847,1782579658734,0.01,-0,1
2848,1782579658768,0.01,0,1.01
2849,1782579658800,0.01,0,1.01
2850,1782579658817,0.02,-0,1.02
2851,1782579658851,0.02,-0,1.02
2852,1782579658917,0.02,-0,1.02
2853,1782579658984,0.02,-0,1.02
2854,1782579659084,0.01,-0.01,1.01
2855,1782579659133,0.01,-0.01,1.01
2856,1782579659200,0.01,-0.01,1.01
2857,1782579659217,0.01,-0,1.01
2858,1782579659250,0.01,-0,1.01
2859,1782579659300,0.01,0,1.01
2860,1782579659333,0.01,0,1.01
2861,1782579659366,0.01,0,1.01
2862,1782579659384,0.01,0,1.01
2863,1782579659417,0.01,0,1.01
2864,1782579659433,0.01,0,1.01
2865,1782579659466,0.01,0.01,1.01
2866,1782579659533,0.01,0.01,1.02
2867,1782579659583,0.01,0.01,1.02
2868,1782579659599,0.01,0,1.02
2869,1782579659667,0.01,0,1.02
2870,1782579659683,0.01,0,1.01
2871,1782579659700,0.01,0,1.01
2872,1782579659717,0.01,0,1.01
2873,1782579659784,0.01,0,1.01
2874,1782579659950,0.01,0,1.01
2875,1782579659983,0.01,0,1.01
2876,1782579660033,0.01,0,1.01
2877,1782579660100,0.01,0,1.02
2878,1782579660216,0.01,0,1.01
2879,1782579660282,0.01,0,1.01
2880,1782579660316,0.01,0,1.01
2881,1782579660366,0.01,0,1.01
2882,1782579660483,0.02,0,1
2883,1782579660632,0.02,-0,1.02
2884,1782579660649,0.01,-0,1.02
2885,1782579660665,0.01,-0,1.02
2886,1782579660732,0,-0,1.02
2887,1782579660898,0.02,0,1.02
2888,1782579660965,0.02,0,1.02
2889,1782579660983,0.02,-0,1.03
2890,1782579661016,0.01,-0,1.03
2891,1782579661082,0,-0,1
2892,1782579661165,0.14999999999999999,0.070000000000000007,0.93000000000000005
2893,1782579661315,0.14999999999999999,0.040000000000000001,0.96999999999999997
2894,1782579661348,0.13,0.040000000000000001,0.95999999999999996
2895,1782579661381,0.10000000000000001,0.029999999999999999,0.97999999999999998
2896,1782579661415,0.040000000000000001,-0.089999999999999997,1.03
2897,1782579661498,0.040000000000000001,-0.10000000000000001,1.0600000000000001
2898,1782579661598,0.040000000000000001,-0.10000000000000001,1.03
2899,1782579661732,-0.10000000000000001,0,1.03
2900,1782579661764,-0.10000000000000001,0.02,1.02
2901,1782579661831,-0.10000000000000001,0.029999999999999999,1.01
2902,1782579661898,-0.080000000000000002,0.029999999999999999,1.01
2903,1782579661931,-0.070000000000000007,0.029999999999999999,1.01
2904,1782579661948,-0.059999999999999998,0.029999999999999999,1.01
2905,1782579661965,-0.050000000000000003,0.02,1.01
2906,1782579661998,-0.040000000000000001,0.01,1
2907,1782579662164,-0.080000000000000002,-0,0.98999999999999999
2908,1782579662164,-0.080000000000000002,-0,0.98999999999999999
2909,1782579662198,-0.080000000000000002,0,0.98999999999999999
2910,1782579662214,-0.089999999999999997,0,0.98999999999999999
2911,1782579662248,-0.10000000000000001,-0,1
2912,1782579662264,-0.13,-0.01,1.01
2913,1782579662331,-0.13,-0.01,1.01
2914,1782579662398,-0.13,-0.01,1.02
2915,1782579662480,-0.13,-0.01,1.02
2916,1782579662531,-0.089999999999999997,-0.029999999999999999,1.04
2917,1782579662631,-0.089999999999999997,-0.029999999999999999,1.02
2918,1782579662680,-0.089999999999999997,-0.029999999999999999,1
2919,1782579662797,-0.10000000000000001,-0.050000000000000003,1.02
2920,1782579662830,-0.10000000000000001,-0.059999999999999998,1.02
2921,1782579662897,-0.10000000000000001,-0.070000000000000007,1.02
2922,1782579662931,-0.10000000000000001,-0.070000000000000007,1.02
2923,1782579662997,-0.10000000000000001,-0.070000000000000007,1.03
2924,1782579663080,-0.080000000000000002,-0.089999999999999997,1.02
2925,1782579663163,-0.080000000000000002,-0.089999999999999997,1.02
2926,1782579663196,-0.070000000000000007,-0.089999999999999997,1.02
2927,1782579663230,-0.070000000000000007,-0.10000000000000001,1.02
2928,1782579663297,-0.070000000000000007,-0.10000000000000001,0.98999999999999999
2929,1782579663330,-0.080000000000000002,-0.10000000000000001,1.0600000000000001
2930,1782579663396,-0.080000000000000002,-0.10000000000000001,1.01
2931,1782579663447,-0.080000000000000002,-0.10000000000000001,1.0600000000000001
2932,1782579663463,-0.089999999999999997,-0.10000000000000001,1.0600000000000001
2933,1782579663480,-0.089999999999999997,-0.089999999999999997,1.01
2934,1782579663513,-0.089999999999999997,-0.089999999999999997,0.96999999999999997
2935,1782579663613,-0.089999999999999997,-0.080000000000000002,1.03
2936,1782579663713,-0.089999999999999997,-0.080000000000000002,1.02
2937,1782579663813,-0.089999999999999997,-0.080000000000000002,1.03
2938,1782579663846,-0.050000000000000003,-0.070000000000000007,1.02
2939,1782579663896,-0.050000000000000003,-0.070000000000000007,1.02
2940,1782579663963,-0.050000000000000003,-0.070000000000000007,1.02
2941,1782579663997,-0.059999999999999998,-0.089999999999999997,1.0800000000000001
2942,1782579664096,-0.059999999999999998,-0.080000000000000002,1.0800000000000001
2943,1782579664163,-0.10000000000000001,-0.059999999999999998,1
2944,1782579664230,-0.10000000000000001,-0.050000000000000003,1
2945,1782579664262,-0.080000000000000002,-0.050000000000000003,1.03
2946,1782579664296,-0.080000000000000002,-0.070000000000000007,1
2947,1782579664313,-0.080000000000000002,-0.080000000000000002,1.03
2948,1782579664346,-0.029999999999999999,-0.080000000000000002,1.03
2949,1782579664362,-0.029999999999999999,-0.080000000000000002,1
2950,1782579664429,-0.050000000000000003,-0.040000000000000001,0.97999999999999998
2951,1782579664545,-0.050000000000000003,-0.040000000000000001,0.95999999999999996
2952,1782579664629,-0.050000000000000003,-0.040000000000000001,0.95999999999999996
2953,1782579664662,-0.050000000000000003,-0.040000000000000001,1.05
2954,1782579664712,-0.070000000000000007,-0.089999999999999997,1.0700000000000001
2955,1782579664812,-0.070000000000000007,-0.13,1.0700000000000001
2956,1782579664895,-0.070000000000000007,-0.14000000000000001,1.1100000000000001
2957,1782579664945,-0.050000000000000003,-0.070000000000000007,1.0600000000000001
2958,1782579665012,-0.029999999999999999,-0.059999999999999998,1.02
2959,1782579665079,-0.029999999999999999,-0.059999999999999998,1
2960,1782579665195,-0.050000000000000003,0.02,0.80000000000000004
2961,1782579665228,-0.089999999999999997,0.029999999999999999,0.80000000000000004
2962,1782579665262,-0.089999999999999997,0.040000000000000001,0.80000000000000004
2963,1782579665328,-0.14000000000000001,0.040000000000000001,0.81999999999999995
2964,1782579665395,-0.14000000000000001,0.040000000000000001,0.83999999999999997
2965,1782579665495,-0.080000000000000002,-0.029999999999999999,0.92000000000000004
2966,1782579665562,-0.080000000000000002,-0.029999999999999999,0.93999999999999995
2967,1782579665628,-0.070000000000000007,-0.029999999999999999,0.93999999999999995
2968,1782579665661,-0.070000000000000007,-0.040000000000000001,0.97999999999999998
2969,1782579665711,-0.070000000000000007,-0.050000000000000003,1.1100000000000001
2970,1782579665761,-0.089999999999999997,-0.089999999999999997,1.1299999999999999
2971,1782579665828,-0.089999999999999997,-0.089999999999999997,1.1299999999999999
2972,1782579665878,-0.080000000000000002,-0.089999999999999997,1.1299999999999999
2973,1782579665944,-0.089999999999999997,-0.050000000000000003,1.03
2974,1782579665994,-0.089999999999999997,-0.050000000000000003,1.03
2975,1782579666044,-0.11,-0.050000000000000003,1.03
2976,1782579666144,-0.089999999999999997,-0.059999999999999998,1.02
2977,1782579666178,-0.10000000000000001,-0.059999999999999998,1.02
2978,1782579666211,-0.070000000000000007,-0.02,1.1699999999999999
2979,1782579666278,-0.059999999999999998,-0.01,1.1499999999999999
2980,1782579666344,-0.02,-0.01,1.0800000000000001
2981,1782579666411,-0.02,0.01,1.03
2982,1782579666477,-0.01,0.040000000000000001,0.95999999999999996
2983,1782579666494,0.029999999999999999,0.029999999999999999,0.94999999999999996
2984,1782579666544,0.029999999999999999,0.029999999999999999,0.94999999999999996
2985,1782579666594,0.01,0.02,0.96999999999999997
2986,1782579666644,0.01,0.02,0.96999999999999997
2987,1782579666694,-0,0,0.96999999999999997
2988,1782579666760,-0.02,0,0.96999999999999997
2989,1782579666794,-0.10000000000000001,0.080000000000000002,0.95999999999999996
2990,1782579666860,-0.070000000000000007,0.050000000000000003,0.98999999999999999
2991,1782579666894,-0.040000000000000001,0.01,0.98999999999999999
2992,1782579666961,-0.02,0,0.98999999999999999
2993,1782579667043,-0.02,0,0.98999999999999999
2994,1782579667093,0,0.089999999999999997,1.04
2995,1782579667210,-0.029999999999999999,0.12,0.85999999999999999
2996,1782579667243,-0.029999999999999999,0.12,0.80000000000000004
2997,1782579667277,-0.040000000000000001,0.31,1.0800000000000001
2998,1782579667310,-0.040000000000000001,0.33000000000000002,1
2999,1782579667326,-0.040000000000000001,0.34000000000000002,0.93000000000000005
3000,1782579667343,-0.01,0.40999999999999998,0.93000000000000005
3001,1782579667377,-0.01,0.40999999999999998,0.90000000000000002
3002,1782579667476,0.029999999999999999,0.40999999999999998,0.93000000000000005
3003,1782579667526,0.029999999999999999,0.37,0.93999999999999995
3004,1782579667543,0.040000000000000001,0.26000000000000001,0.90000000000000002
3005,1782579667609,0.029999999999999999,0.27000000000000002,0.85999999999999999
3006,1782579667643,0.01,0.26000000000000001,0.85999999999999999
3007,1782579667710,-0.040000000000000001,0.26000000000000001,0.93999999999999995
3008,1782579667743,-0.050000000000000003,0.28999999999999998,0.93999999999999995
3009,1782579667826,-0.080000000000000002,0.40000000000000002,0.97999999999999998
3010,1782579667893,-0.11,0.40000000000000002,1
3011,1782579667993,-0.11,0.40000000000000002,1.04
3012,1782579668026,-0.080000000000000002,0.37,1.0900000000000001
3013,1782579668059,-0.040000000000000001,0.29999999999999999,1.22
3014,1782579668159,-0.040000000000000001,0.29999999999999999,1.21
3015,1782579668226,-0.040000000000000001,0.29999999999999999,1.1799999999999999
3016,1782579668293,-0.040000000000000001,0.38,0.93999999999999995
3017,1782579668342,-0.029999999999999999,0.13,0.98999999999999999
3018,1782579668376,-0.040000000000000001,0.12,1.05
3019,1782579668475,-0.01,0.13,1.05
3020,1782579668575,-0.10000000000000001,0.20000000000000001,0.89000000000000001
3021,1782579668609,-0.10000000000000001,0.20000000000000001,0.89000000000000001
3022,1782579668625,0.029999999999999999,0.39000000000000001,0.89000000000000001
3023,1782579668642,0.029999999999999999,0.40000000000000002,0.90000000000000002
3024,1782579668709,0.029999999999999999,0.40999999999999998,0.90000000000000002
3025,1782579668759,-0.059999999999999998,0.45000000000000001,0.91000000000000003
3026,1782579668859,0,0.040000000000000001,0.77000000000000002
3027,1782579668925,0,0.040000000000000001,0.67000000000000004
3028,1782579668959,-0.029999999999999999,0.040000000000000001,0.67000000000000004
3029,1782579668975,-0.059999999999999998,0.17999999999999999,0.67000000000000004
3030,1782579668992,-0.059999999999999998,0.33000000000000002,0.72999999999999998
3031,1782579669025,-0.089999999999999997,0.45000000000000001,0.93000000000000005
3032,1782579669058,-0.089999999999999997,0.52000000000000002,0.97999999999999998
3033,1782579669109,-0.26000000000000001,0.54000000000000004,1.05
3034,1782579669159,-0.26000000000000001,0.54000000000000004,1.0900000000000001
3035,1782579669208,-0.059999999999999998,0.34000000000000002,1.0600000000000001
3036,1782579669291,-0.050000000000000003,0.34000000000000002,0.94999999999999996
3037,1782579669391,-0.02,0.35999999999999999,0.93999999999999995
3038,1782579669408,-0.029999999999999999,0.38,1.0700000000000001
3039,1782579669458,0,0.38,1.02
3040,1782579669508,0,0.39000000000000001,0.94999999999999996
3041,1782579669574,-0.01,0.40999999999999998,0.90000000000000002
3042,1782579669575,-0.029999999999999999,0.40999999999999998,0.80000000000000004
3043,1782579669608,-0.029999999999999999,0.39000000000000001,0.90000000000000002
3044,1782579669658,-0.070000000000000007,0.39000000000000001,0.90000000000000002
3045,1782579669675,-0.029999999999999999,0.52000000000000002,1.1000000000000001
3046,1782579669741,-0.029999999999999999,0.5,1.1100000000000001
3047,1782579669858,-0.02,0.47999999999999998,1.1100000000000001
3048,1782579669891,0,0.45000000000000001,1.1100000000000001
3049,1782579669908,-0.02,0.45000000000000001,1.1000000000000001
3050,1782579669941,-0.11,0.64000000000000001,1.0900000000000001
3051,1782579669974,-0.059999999999999998,0.57999999999999996,1.23
3052,1782579670091,-0.059999999999999998,0.55000000000000004,1.3400000000000001
3053,1782579670141,-0.02,0.55000000000000004,1.3400000000000001
3054,1782579670191,-0.070000000000000007,0.51000000000000001,1.0600000000000001
3055,1782579670241,-0.040000000000000001,0.46999999999999997,1.3200000000000001
3056,1782579670307,-0.040000000000000001,0.40000000000000002,1.3200000000000001
3057,1782579670424,0.01,0.38,1.3200000000000001
3058,1782579670440,-0.040000000000000001,0.53000000000000003,0.90000000000000002
3059,1782579670457,-0.040000000000000001,0.53000000000000003,0.95999999999999996
3060,1782579670507,0.029999999999999999,0.42999999999999999,1.0700000000000001
3061,1782579670557,0.029999999999999999,0.42999999999999999,1.1499999999999999
3062,1782579670624,-0.01,0.35999999999999999,1.1499999999999999
3063,1782579670707,-0.14000000000000001,0.42999999999999999,0.96999999999999997
3064,1782579670774,-0.14000000000000001,0.42999999999999999,0.96999999999999997
3065,1782579670840,-0.13,0.39000000000000001,0.96999999999999997
3066,1782579670857,-0.070000000000000007,0.31,1.04
3067,1782579670874,-0.029999999999999999,0.28000000000000003,1.04
3068,1782579670924,-0.029999999999999999,0.27000000000000002,1.0800000000000001
3069,1782579670974,0.01,0.33000000000000002,0.83999999999999997
3070,1782579671040,-0.040000000000000001,0.33000000000000002,0.82999999999999996
3071,1782579671157,-0.040000000000000001,0.35999999999999999,0.76000000000000001
3072,1782579671173,-0.059999999999999998,0.37,0.76000000000000001
3073,1782579671190,-0.080000000000000002,0.37,0.76000000000000001
3074,1782579671207,-0.10000000000000001,0.37,0.89000000000000001
3075,1782579671224,-0.12,0.35999999999999999,0.75
3076,1782579671307,-0.13,0.39000000000000001,0.75
3077,1782579671357,-0.13,0.39000000000000001,0.75
3078,1782579671423,-0.19,0.39000000000000001,0.82999999999999996
3079,1782579671456,-0.20000000000000001,0.32000000000000001,1.03
3080,1782579671473,-0.19,0.32000000000000001,1.0700000000000001
3081,1782579671490,-0.10000000000000001,0.29999999999999999,1.1499999999999999
3082,1782579671524,-0.050000000000000003,0.27000000000000002,1.2
3083,1782579671556,-0.050000000000000003,0.29999999999999999,1.2
3084,1782579671623,-0.10000000000000001,0.42999999999999999,0.88
3085,1782579671756,-0.080000000000000002,0.45000000000000001,0.88
3086,1782579671839,-0.089999999999999997,0.47999999999999998,1.1200000000000001
3087,1782579671956,-0.040000000000000001,0.47999999999999998,0.97999999999999998
3088,1782579671989,-0.029999999999999999,0.55000000000000004,0.78000000000000003
3089,1782579672006,0.040000000000000001,0.55000000000000004,0.73999999999999999
3090,1782579672039,0.040000000000000001,0.55000000000000004,0.73999999999999999
3091,1782579672056,0.040000000000000001,0.54000000000000004,0.78000000000000003
3092,1782579672089,-0,0.46000000000000002,0.88
3093,1782579672139,-0.02,0.46000000000000002,0.81000000000000005
3094,1782579672189,-0.029999999999999999,0.46000000000000002,0.81000000000000005
3095,1782579672306,-0.050000000000000003,0.45000000000000001,0.81000000000000005
3096,1782579672323,-0.02,0.56999999999999995,1.03
3097,1782579672372,-0.059999999999999998,0.56999999999999995,1.03
3098,1782579672422,-0.059999999999999998,0.56999999999999995,1.03
3099,1782579672473,-0.059999999999999998,0.41999999999999998,1.03
3100,1782579672556,-0.059999999999999998,0.31,1.03
3101,1782579672606,0.029999999999999999,0.45000000000000001,1.3
3102,1782579672640,0.050000000000000003,0.39000000000000001,1.3
3103,1782579672730,0.050000000000000003,0.39000000000000001,1.24
3104,1782579672840,-0.050000000000000003,0.48999999999999999,1.2
3105,1782579672898,-0.050000000000000003,0.48999999999999999,1.21
3106,1782579672945,-0.050000000000000003,0.51000000000000001,1.21
3107,1782579672963,-0.050000000000000003,0.53000000000000003,1.1899999999999999
3108,1782579673023,-0.050000000000000003,0.56999999999999995,1.05
3109,1782579673072,-0.050000000000000003,0.56999999999999995,0.98999999999999999
3110,1782579673173,-0.01,0.54000000000000004,1.1599999999999999
3111,1782579673240,0.040000000000000001,0.53000000000000003,1.22
3112,1782579673274,0.040000000000000001,0.51000000000000001,1.1599999999999999
3113,1782579673306,0.040000000000000001,0.51000000000000001,1.04
3114,1782579673372,0.02,0.60999999999999999,1.1000000000000001
3115,1782579673454,0.02,0.58999999999999997,1.0700000000000001
3116,1782579673555,0.02,0.56999999999999995,1.0700000000000001
3117,1782579673605,0.02,0.56999999999999995,0.93999999999999995
3118,1782579673621,-0.029999999999999999,0.56000000000000005,0.89000000000000001
3119,1782579673670,-0.070000000000000007,0.42999999999999999,1.1200000000000001
3120,1782579673739,-0.089999999999999997,0.42999999999999999,1.1200000000000001
3121,1782579673788,-0.089999999999999997,0.42999999999999999,1.02
3122,1782579673805,-0.089999999999999997,0.55000000000000004,1.0700000000000001
3123,1782579673822,-0.080000000000000002,0.66000000000000003,1.02
3124,1782579673854,-0.070000000000000007,0.66000000000000003,1.02
3125,1782579673870,-0.070000000000000007,0.66000000000000003,0.95999999999999996
3126,1782579673920,-0.070000000000000007,0.59999999999999998,1
3127,1782579673989,-0.070000000000000007,0.59999999999999998,1.01
3128,1782579674107,0.029999999999999999,0.53000000000000003,1.03
3129,1782579674238,0.029999999999999999,0.55000000000000004,0.97999999999999998
3130,1782579674255,0.050000000000000003,0.56000000000000005,1.01
3131,1782579674272,0.059999999999999998,0.56000000000000005,1.01
3132,1782579674340,0.029999999999999999,0.63,0.96999999999999997
3133,1782579674388,-0.040000000000000001,0.65000000000000002,0.85999999999999999
3134,1782579674570,-0.11,0.79000000000000004,0.83999999999999997
3135,1782579674587,-0.10000000000000001,0.79000000000000004,0.83999999999999997
3136,1782579674605,-0.050000000000000003,0.79000000000000004,0.90000000000000002
3137,1782579674637,0.01,0.55000000000000004,1.03
3138,1782579674671,0.01,0.47999999999999998,1.03
3139,1782579674770,0.02,0.47999999999999998,1.03
3140,1782579674818,-0.17000000000000001,0.56999999999999995,1.27
3141,1782579674878,-0.13,0.56999999999999995,1.27
3142,1782579674923,-0.10000000000000001,0.56999999999999995,1.27
3143,1782579674972,-0.10000000000000001,0.57999999999999996,0.83999999999999997
3144,1782579675023,-0.059999999999999998,0.65000000000000002,0.82999999999999996
3145,1782579675109,-0.01,0.26000000000000001,1.0600000000000001
3146,1782579675171,-0.01,0.26000000000000001,1.0600000000000001
3147,1782579675243,-0.01,0.26000000000000001,0.79000000000000004
3148,1782579675272,-0.02,0.41999999999999998,0.73999999999999999
3149,1782579675305,-0.080000000000000002,0.48999999999999999,0.70999999999999996
3150,1782579675321,-0.089999999999999997,0.55000000000000004,0.70999999999999996
3151,1782579675370,-0.070000000000000007,0.56999999999999995,0.93999999999999995
3152,1782579675504,-0.11,0.53000000000000003,0.96999999999999997
3153,1782579675536,-0.13,0.52000000000000002,1.0600000000000001
3154,1782579675570,-0.13,0.52000000000000002,1.0600000000000001
3155,1782579675671,-0.059999999999999998,0.48999999999999999,1.02
3156,1782579675787,-0.040000000000000001,0.5,0.98999999999999999
3157,1782579675837,-0.029999999999999999,0.55000000000000004,0.82999999999999996
3158,1782579675903,-0.040000000000000001,0.19,0.67000000000000004
3159,1782579675953,-0.13,0.19,0.73999999999999999
3160,1782579676044,-0.13,0.17999999999999999,0.93000000000000005
3161,1782579676104,-0.13,0.10000000000000001,1.1000000000000001
3162,1782579676170,0.029999999999999999,-0.46999999999999997,1.1000000000000001
3163,1782579676220,0.040000000000000001,-0.46999999999999997,0.94999999999999996
3164,1782579676286,0.10000000000000001,-0.33000000000000002,0.90000000000000002
3165,1782579676319,0.10000000000000001,-0.33000000000000002,0.81999999999999995
3166,1782579676387,0.12,-0.33000000000000002,0.81000000000000005
3167,1782579676453,0.10000000000000001,-0.33000000000000002,0.81000000000000005
3168,1782579676486,0.19,-0.76000000000000001,1.22
3169,1782579676535,0.19,-0.76000000000000001,1.22
3170,1782579676602,0.17999999999999999,-0.76000000000000001,1.22
3171,1782579676636,0.16,-0.68000000000000005,1.21
3172,1782579676669,0.16,-0.55000000000000004,1.0700000000000001
3173,1782579676702,0.16,-0.54000000000000004,1.0700000000000001
3174,1782579676735,0.080000000000000002,-0.12,0.85999999999999999
3175,1782579676768,0.080000000000000002,-0.10000000000000001,0.85999999999999999
3176,1782579676836,0.080000000000000002,-0.050000000000000003,0.95999999999999996
3177,1782579676868,0.14999999999999999,-0.050000000000000003,0.97999999999999998
3178,1782579676985,0.14999999999999999,-0.070000000000000007,0.98999999999999999
3179,1782579677035,0.23999999999999999,-0.80000000000000004,1.01
3180,1782579677119,0.27000000000000002,-0.83999999999999997,1.03
3181,1782579677168,0.28000000000000003,-0.83999999999999997,1.03
3182,1782579677268,0.28000000000000003,-0.79000000000000004,1.0600000000000001
3183,1782579677368,0.28000000000000003,-0.79000000000000004,1.0600000000000001
3184,1782579677435,0.26000000000000001,-0.76000000000000001,0.96999999999999997
3185,1782579677485,0.28999999999999998,-0.76000000000000001,0.96999999999999997
3186,1782579677551,0.26000000000000001,-0.76000000000000001,0.98999999999999999
3187,1782579677684,0.26000000000000001,-0.76000000000000001,0.98999999999999999
3188,1782579677718,0.23000000000000001,-0.70999999999999996,0.85999999999999999
3189,1782579677818,0.17000000000000001,-0.63,0.80000000000000004
3190,1782579677851,0.14999999999999999,-0.55000000000000004,0.67000000000000004
3191,1782579677901,0.14999999999999999,-0.53000000000000003,0.67000000000000004
3192,1782579678001,0.14999999999999999,-0.53000000000000003,0.67000000000000004
3193,1782579678019,0.17000000000000001,-0.53000000000000003,0.81000000000000005
3194,1782579678101,0.17000000000000001,-0.58999999999999997,1.3100000000000001
3195,1782579678151,0.17000000000000001,-0.58999999999999997,1.3100000000000001
3196,1782579678234,0.10000000000000001,-0.58999999999999997,1.3100000000000001
3197,1782579678267,0.040000000000000001,-0.38,1.1799999999999999
3198,1782579678334,0.10000000000000001,-0.67000000000000004,1.1299999999999999
3199,1782579678400,0.070000000000000007,-0.59999999999999998,1.1299999999999999
3200,1782579678418,0.10000000000000001,-0.59999999999999998,1.1799999999999999
3201,1782579678467,0.10000000000000001,-0.67000000000000004,1.2
3202,1782579678517,0.19,-0.79000000000000004,1.2
3203,1782579678567,0.19,-0.81000000000000005,1.23
3204,1782579678600,0.14999999999999999,-0.73999999999999999,0.97999999999999998
3205,1782579678684,0.14999999999999999,-0.72999999999999998,0.95999999999999996
3206,1782579678734,0.14999999999999999,-0.67000000000000004,0.92000000000000004
3207,1782579678784,0.070000000000000007,-0.66000000000000003,0.73999999999999999
3208,1782579678817,0.070000000000000007,-0.59999999999999998,0.73999999999999999
3209,1782579678833,0.059999999999999998,-0.59999999999999998,0.73999999999999999
3210,1782579678851,0.040000000000000001,-0.59999999999999998,0.73999999999999999
3211,1782579678884,0.029999999999999999,-0.63,0.87
3212,1782579678900,0.029999999999999999,-0.63,0.96999999999999997
3213,1782579678950,0.14999999999999999,-0.92000000000000004,1.0600000000000001
3214,1782579678984,0.16,-0.93000000000000005,1.1299999999999999
3215,1782579679017,0.17000000000000001,-0.92000000000000004,1.1299999999999999
3216,1782579679067,0.17000000000000001,-0.93000000000000005,1.1299999999999999
3217,1782579679150,0.20000000000000001,-0.93999999999999995,1.1299999999999999
3218,1782579679217,0.11,-0.88,1.0800000000000001
3219,1782579679300,0.13,-0.88,1.0700000000000001
3220,1782579679383,0.14999999999999999,-0.88,1.0700000000000001
3221,1782579679450,0.080000000000000002,-0.79000000000000004,0.98999999999999999
3222,1782579679466,0.080000000000000002,-0.80000000000000004,1.0800000000000001
3223,1782579679533,0.080000000000000002,-0.81000000000000005,1.1599999999999999
3224,1782579679583,0.14000000000000001,-0.84999999999999998,1.1599999999999999
3225,1782579679666,0.16,-0.84999999999999998,1.0800000000000001
3226,1782579679733,0.16,-0.60999999999999999,1.1200000000000001
3227,1782579679783,0.16,-0.52000000000000002,1.1200000000000001
3228,1782579679849,0.13,-0.45000000000000001,1.1100000000000001
3229,1782579679916,0.16,-0.39000000000000001,1.0800000000000001
3230,1782579679949,0.13,-0.34000000000000002,1.0700000000000001
3231,1782579680149,0.089999999999999997,-0.64000000000000001,1.03
3232,1782579680249,0.20000000000000001,-0.85999999999999999,1.0900000000000001
3233,1782579680282,0.20000000000000001,-0.84999999999999998,1.0600000000000001
3234,1782579680299,0.20000000000000001,-0.84999999999999998,1.0600000000000001
3235,1782579680333,0.20000000000000001,-0.75,1
3236,1782579680416,0.20000000000000001,-0.75,1
3237,1782579680449,0.17000000000000001,-0.82999999999999996,1.1799999999999999
3238,1782579680532,0.17000000000000001,-0.85999999999999999,1.22
3239,1782579680565,0.20000000000000001,-0.90000000000000002,1.3100000000000001
3240,1782579680616,0.22,-0.96999999999999997,1.3100000000000001
3241,1782579680665,0.23000000000000001,-0.96999999999999997,1.3100000000000001
3242,1782579680698,0.23000000000000001,-0.96999999999999997,1.1699999999999999
3243,1782579680782,0.23000000000000001,-0.79000000000000004,0.92000000000000004
3244,1782579680816,0.20000000000000001,-0.79000000000000004,0.92000000000000004
3245,1782579680865,0.23000000000000001,-0.79000000000000004,0.94999999999999996
3246,1782579680915,0.12,-0.82999999999999996,0.97999999999999998
3247,1782579680999,0.14999999999999999,-0.84999999999999998,0.97999999999999998
3248,1782579681048,0.16,-0.81000000000000005,0.95999999999999996
3249,1782579681115,0.14000000000000001,-0.91000000000000003,1.0800000000000001
3250,1782579681148,0.14000000000000001,-0.82999999999999996,1
3251,1782579681215,0.14000000000000001,-0.82999999999999996,1
3252,1782579681231,0.14000000000000001,-0.82999999999999996,1.0700000000000001
3253,1782579681265,0.14000000000000001,-0.82999999999999996,1.1000000000000001
3254,1782579681281,0.14999999999999999,-0.82999999999999996,1.0700000000000001
3255,1782579681315,0.17999999999999999,-0.81000000000000005,1.0700000000000001
3256,1782579681315,0.089999999999999997,-0.45000000000000001,0.98999999999999999
3257,1782579681381,0.089999999999999997,-0.47999999999999998,1.0900000000000001
3258,1782579681415,0.089999999999999997,-0.48999999999999999,1.1799999999999999
3259,1782579681432,0.14000000000000001,-0.48999999999999999,1.1799999999999999
3260,1782579681464,0.13,-0.47999999999999998,1.0900000000000001
3261,1782579681498,0.13,-0.46999999999999997,0.96999999999999997
3262,1782579681681,-0.02,-0.33000000000000002,0.83999999999999997
3263,1782579681764,-0.01,-0.53000000000000003,1.1599999999999999
3264,1782579681798,0.02,-0.66000000000000003,1.1599999999999999
3265,1782579681864,0.16,-0.81999999999999995,1.02
3266,1782579681964,0.11,-0.85999999999999999,1.0800000000000001
3267,1782579682031,0.17999999999999999,-0.95999999999999996,1.0800000000000001
3268,1782579682064,0.20999999999999999,-0.95999999999999996,1.0900000000000001
3269,1782579682114,0.16,-0.58999999999999997,1.01
3270,1782579682164,0.13,-0.58999999999999997,0.94999999999999996
3271,1782579682298,0.12,-0.54000000000000004,0.98999999999999999
3272,1782579682331,0.080000000000000002,-0.45000000000000001,0.98999999999999999
3273,1782579682380,0.12,-0.83999999999999997,1.1899999999999999
3274,1782579682447,0.12,-0.77000000000000002,1.1799999999999999
3275,1782579682564,0.13,-0.77000000000000002,1.04
3276,1782579682614,0.16,-0.77000000000000002,1.05
3277,1782579682713,0.14000000000000001,-0.77000000000000002,1
3278,1782579682731,0.17999999999999999,-0.76000000000000001,1.05
3279,1782579682764,0.17999999999999999,-0.76000000000000001,0.90000000000000002
3280,1782579682780,0.17999999999999999,-0.68999999999999995,0.90000000000000002
3281,1782579682847,0.17999999999999999,-0.68999999999999995,0.87
3282,1782579682897,0.22,-0.89000000000000001,1.05
3283,1782579682980,0.22,-0.97999999999999998,1.22
3284,1782579683030,0.20999999999999999,-0.97999999999999998,1.05
3285,1782579683080,0.20999999999999999,-0.97999999999999998,1.0600000000000001
3286,1782579683147,0.22,-0.54000000000000004,1.1299999999999999
3287,1782579683280,0.14000000000000001,-0.5,1.05
3288,1782579683314,0.14000000000000001,-0.31,1.02
3289,1782579683380,0.14000000000000001,-0.28999999999999998,0.94999999999999996
3290,1782579683430,0.070000000000000007,0.27000000000000002,0.88
3291,1782579683480,0.059999999999999998,0.29999999999999999,0.90000000000000002
3292,1782579683547,0.050000000000000003,0.38,0.93000000000000005
3293,1782579683596,0,0.39000000000000001,0.96999999999999997
3294,1782579683646,-0,0.41999999999999998,0.96999999999999997
3295,1782579683713,-0.040000000000000001,0.41999999999999998,0.98999999999999999
3296,1782579683746,-0.080000000000000002,0.45000000000000001,0.89000000000000001
3297,1782579683846,-0.070000000000000007,0.45000000000000001,0.90000000000000002
3298,1782579683896,-0.070000000000000007,0.51000000000000001,0.93999999999999995
3299,1782579683929,-0.059999999999999998,0.64000000000000001,0.90000000000000002
3300,1782579683946,-0.070000000000000007,0.66000000000000003,0.95999999999999996
3301,1782579683996,-0.089999999999999997,0.70999999999999996,1.01
3302,1782579684129,-0.050000000000000003,0.70999999999999996,1.01
3303,1782579684162,-0.040000000000000001,0.70999999999999996,1.0700000000000001
3304,1782579684230,-0.040000000000000001,0.72999999999999998,1.0700000000000001
3305,1782579684279,-0.16,0.70999999999999996,1.27
3306,1782579684413,-0.16,0.70999999999999996,1.25
3307,1782579684445,-0.22,0.70999999999999996,1.1799999999999999
3308,1782579684496,-0.22,0.58999999999999997,1.1000000000000001
3309,1782579684546,-0.17999999999999999,0.56999999999999995,0.40999999999999998
3310,1782579684612,-0.19,0.64000000000000001,0.40999999999999998
3311,1782579684678,-0.17999999999999999,0.68999999999999995,0.41999999999999998
3312,1782579684829,-0.14000000000000001,0.92000000000000004,0.72999999999999998
3313,1782579684879,-0.14000000000000001,0.92000000000000004,1.1499999999999999
3314,1782579684912,-0.11,0.68000000000000005,1.3799999999999999
3315,1782579684945,-0.080000000000000002,0.53000000000000003,1.3799999999999999
3316,1782579684996,-0.029999999999999999,0.53000000000000003,1.3799999999999999
3317,1782579685045,-0.11,0.76000000000000001,1.01
3318,1782579685129,0.040000000000000001,0.68999999999999995,1.1399999999999999
3319,1782579685195,0.050000000000000003,0.60999999999999999,1.24
3320,1782579685211,0.059999999999999998,0.56000000000000005,1.24
3321,1782579685228,0.059999999999999998,0.56000000000000005,1.24
3322,1782579685311,-0.17999999999999999,0.66000000000000003,1.3
3323,1782579685378,-0.14999999999999999,0.83999999999999997,1.21
3324,1782579685495,-0.14999999999999999,0.93000000000000005,1.1799999999999999
3325,1782579685528,-0.34999999999999998,0.92000000000000004,1.29
3326,1782579685595,-0.34999999999999998,0.94999999999999996,1.3600000000000001
3327,1782579685644,-0.28000000000000003,0.94999999999999996,1.3600000000000001
3328,1782579685728,-0.23000000000000001,0.94999999999999996,1.3600000000000001
3329,1782579685828,-0.089999999999999997,0.68000000000000005,0.96999999999999997
3330,1782579685894,-0.059999999999999998,0.68000000000000005,0.96999999999999997
3331,1782579685928,-0.02,0.65000000000000002,0.85999999999999999
3332,1782579685977,-0.02,0.65000000000000002,0.82999999999999996
3333,1782579686044,-0.02,0.60999999999999999,0.81999999999999995
3334,1782579686111,-0.02,0.56999999999999995,0.82999999999999996
3335,1782579686177,-0.20999999999999999,0.71999999999999997,0.76000000000000001
3336,1782579686244,-0.20000000000000001,0.69999999999999996,0.87
3337,1782579686294,-0.20000000000000001,0.60999999999999999,1.02
3338,1782579686344,-0.13,0.60999999999999999,1.0700000000000001
3339,1782579686394,-0.050000000000000003,0.65000000000000002,1.1200000000000001
3340,1782579686461,-0.089999999999999997,0.65000000000000002,1.01
3341,1782579686494,-0.16,0.65000000000000002,1.03
3342,1782579686627,-0.17000000000000001,0.69999999999999996,1.03
3343,1782579686694,-0.17000000000000001,0.59999999999999998,1.0800000000000001
3344,1782579686760,-0.14999999999999999,0.58999999999999997,1.24
3345,1782579686794,-0.12,0.59999999999999998,1.1200000000000001
3346,1782579686844,-0.12,0.66000000000000003,1.1200000000000001
3347,1782579686927,-0.26000000000000001,0.57999999999999996,1.28
3348,1782579686944,-0.26000000000000001,0.70999999999999996,1.28
3349,1782579686977,-0.26000000000000001,0.70999999999999996,1.28
3350,1782579686993,-0.12,0.83999999999999997,1.02
3351,1782579687060,-0.11,0.87,0.96999999999999997
3352,1782579687143,-0.10000000000000001,0.83999999999999997,0.96999999999999997
3353,1782579687177,-0.14000000000000001,0.68999999999999995,1.1200000000000001
3354,1782579687227,-0.11,0.90000000000000002,0.93000000000000005
3355,1782579687360,-0.089999999999999997,0.90000000000000002,0.92000000000000004
3356,1782579687394,-0.11,0.88,0.89000000000000001
3357,1782579687443,0.029999999999999999,0.84999999999999998,1.1100000000000001
3358,1782579687510,-0.029999999999999999,0.84999999999999998,0.93999999999999995
3359,1782579687660,1.8999999999999999,0.84999999999999998,0.96999999999999997
3360,1782579687709,0.080000000000000002,0.77000000000000002,0.72999999999999998
3361,1782579687759,0.02,0.77000000000000002,0.78000000000000003
3362,1782579687826,-0.029999999999999999,0.64000000000000001,0.78000000000000003
3363,1782579687859,0.01,0.64000000000000001,0.91000000000000003
3364,1782579687959,-0.080000000000000002,0.75,0.87
3365,1782579688009,-0.080000000000000002,0.80000000000000004,0.84999999999999998
3366,1782579688159,-0.22,0.93999999999999995,0.84999999999999998
3367,1782579688226,-0.22,0.93999999999999995,0.84999999999999998
3368,1782579688259,-0.16,0.57999999999999996,1.01
3369,1782579688309,-0.11,0.57999999999999996,1.0900000000000001
3370,1782579688375,-0.050000000000000003,0.57999999999999996,1.0900000000000001
3371,1782579688442,-0,0.58999999999999997,1.1299999999999999
3372,1782579688476,0.029999999999999999,0.71999999999999997,1.0900000000000001
3373,1782579688525,0.029999999999999999,0.80000000000000004,0.89000000000000001
3374,1782579688592,-0.19,0.83999999999999997,1.3899999999999999
3375,1782579688692,-0.080000000000000002,0.89000000000000001,1.1100000000000001
3376,1782579688759,-0.14000000000000001,0.93000000000000005,0.87
3377,1782579688792,-0.089999999999999997,0.96999999999999997,0.79000000000000004
3378,1782579688808,0.070000000000000007,0.71999999999999997,1.1699999999999999
3379,1782579688859,0.070000000000000007,0.71999999999999997,1.1699999999999999
3380,1782579688942,0.080000000000000002,0.71999999999999997,1.4299999999999999
3381,1782579689059,0.02,0.70999999999999996,0.93000000000000005
3382,1782579689109,0.02,0.71999999999999997,0.97999999999999998
3383,1782579689158,-0.059999999999999998,0.91000000000000003,0.97999999999999998
3384,1782579689225,-0.26000000000000001,0.93999999999999995,0.83999999999999997
3385,1782579689325,-0.040000000000000001,0.55000000000000004,0.93000000000000005
3386,1782579689358,-0.02,0.55000000000000004,0.77000000000000002
3387,1782579689375,-0.02,0.78000000000000003,0.68000000000000005
3388,1782579689391,-0.13,0.78000000000000003,0.64000000000000001
3389,1782579689458,-0.35999999999999999,0.84999999999999998,0.68000000000000005
3390,1782579689541,-0.35999999999999999,0.84999999999999998,0.68000000000000005
3391,1782579689641,-0.059999999999999998,0.58999999999999997,0.89000000000000001
3392,1782579689674,-0.22,0.59999999999999998,0.89000000000000001
3393,1782579689758,-0.35999999999999999,0.65000000000000002,0.92000000000000004
3394,1782579689775,-0.40000000000000002,0.73999999999999999,1.04
3395,1782579689808,-0.41999999999999998,0.79000000000000004,1.05
3396,1782579689858,-0.25,0.59999999999999998,0.85999999999999999
3397,1782579689907,-0.25,0.59999999999999998,0.85999999999999999
3398,1782579689957,-0.23999999999999999,0.46999999999999997,0.91000000000000003
3399,1782579690057,-0.23000000000000001,0.41999999999999998,0.92000000000000004
3400,1782579690107,0.040000000000000001,0.14999999999999999,1.0600000000000001
3401,1782579690157,0.040000000000000001,0.14999999999999999,1.0600000000000001
3402,1782579690207,0.040000000000000001,0.23000000000000001,1.04
3403,1782579690257,0.029999999999999999,0.28999999999999998,1.05
3404,1782579690357,-0.17000000000000001,0.13,1.0600000000000001
3405,1782579690424,-0.17000000000000001,-0.11,1.0600000000000001
3406,1782579690557,-0.17000000000000001,-0.14000000000000001,1.03
3407,1782579690574,-0.17000000000000001,-0.14000000000000001,0.95999999999999996
3408,1782579690641,0.17000000000000001,-0.71999999999999997,1
3409,1782579690691,0.13,-0.81000000000000005,1.03
3410,1782579690757,0.13,-0.81000000000000005,1.03
3411,1782579690807,0.13,-0.81000000000000005,1.03
3412,1782579690874,0.13,-0.81000000000000005,1.03
3413,1782579690907,0.13,-0.80000000000000004,1
3414,1782579691041,0.23999999999999999,-1.02,1.3
3415,1782579691073,0.23999999999999999,-1.02,1.1899999999999999
3416,1782579691156,0.22,-1.01,1.1499999999999999
3417,1782579691224,0.17999999999999999,-0.84999999999999998,0.91000000000000003
3418,1782579691257,0.20999999999999999,-0.84999999999999998,0.92000000000000004
3419,1782579691323,0.25,-0.87,0.93999999999999995
3420,1782579691423,0.20999999999999999,-0.84999999999999998,0.94999999999999996
3421,1782579691539,0.20999999999999999,-0.68000000000000005,0.95999999999999996
3422,1782579691590,0.17999999999999999,-0.81999999999999995,0.88
3423,1782579691657,0.20999999999999999,-0.88,0.97999999999999998
3424,1782579691723,0.13,-0.63,0.57999999999999996
3425,1782579691739,0.13,-0.63,0.64000000000000001
3426,1782579691756,0.20000000000000001,-0.68000000000000005,0.93000000000000005
3427,1782579691823,0.20000000000000001,-0.96999999999999997,1.1499999999999999
3428,1782579691873,0.20999999999999999,-1.04,1.1499999999999999
3429,1782579691923,0.20999999999999999,-1.04,1.2
3430,1782579692005,0.28999999999999998,-0.98999999999999999,1.1299999999999999
3431,1782579692072,0.28999999999999998,-0.93999999999999995,1.1299999999999999
3432,1782579692156,0.28999999999999998,-0.90000000000000002,1.1299999999999999
3433,1782579692172,0.28999999999999998,-0.93000000000000005,1.1299999999999999
3434,1782579692239,0.17999999999999999,-0.62,0.83999999999999997
3435,1782579692305,0.14999999999999999,-0.62,0.83999999999999997
3436,1782579692339,0.17999999999999999,-0.72999999999999998,0.92000000000000004
3437,1782579692389,0.17999999999999999,-0.72999999999999998,0.92000000000000004
3438,1782579692456,0.19,-0.72999999999999998,0.92000000000000004
3439,1782579692522,0.33000000000000002,-0.90000000000000002,1.05
3440,1782579692605,0.33000000000000002,-0.97999999999999998,1.04
3441,1782579692672,0.34999999999999998,-0.97999999999999998,1.04
3442,1782579692722,0.23000000000000001,-0.89000000000000001,0.89000000000000001
3443,1782579692755,0.23000000000000001,-0.82999999999999996,0.89000000000000001
3444,1782579692788,0.23000000000000001,-0.82999999999999996,0.89000000000000001
3445,1782579692888,0.25,-0.82999999999999996,0.96999999999999997
3446,1782579693005,0.26000000000000001,-0.85999999999999999,1.1200000000000001
3447,1782579693038,0.26000000000000001,-0.85999999999999999,1.1200000000000001
3448,1782579693072,0.23999999999999999,-0.84999999999999998,1.02
3449,1782579693105,0.23999999999999999,-0.82999999999999996,1.02
3450,1782579693122,0.20000000000000001,-0.71999999999999997,0.89000000000000001
3451,1782579693138,0.19,-0.68999999999999995,0.89000000000000001
3452,1782579693205,0.19,-0.68999999999999995,0.81999999999999995
3453,1782579693255,0.19,-0.68999999999999995,0.89000000000000001
3454,1782579693304,0.19,-0.71999999999999997,0.93000000000000005
3455,1782579693388,0.12,-0.69999999999999996,0.84999999999999998
3456,1782579693471,0.14000000000000001,-0.69999999999999996,0.81999999999999995
3457,1782579693588,0.17999999999999999,-0.83999999999999997,1.1399999999999999
3458,1782579693671,0.17999999999999999,-0.83999999999999997,1.1399999999999999
3459,1782579693721,0.17999999999999999,-0.83999999999999997,1.1399999999999999
3460,1782579693788,0.17999999999999999,-0.82999999999999996,0.93999999999999995
3461,1782579693871,0.14999999999999999,-0.75,0.93999999999999995
3462,1782579693888,0.17999999999999999,-0.73999999999999999,0.93999999999999995
3463,1782579693921,0.14999999999999999,-0.73999999999999999,0.83999999999999997
3464,1782579693937,0.14000000000000001,-0.72999999999999998,0.93999999999999995
3465,1782579694021,0.14000000000000001,-0.72999999999999998,0.81999999999999995
3466,1782579694087,0.14000000000000001,-0.72999999999999998,0.88
3467,1782579694087,0.080000000000000002,-0.45000000000000001,0.80000000000000004
3468,1782579694187,0.059999999999999998,-0.44,0.77000000000000002
3469,1782579694271,0.059999999999999998,-0.45000000000000001,0.87
3470,1782579694304,0.02,-0.5,0.90000000000000002
3471,1782579694337,0.029999999999999999,-0.63,0.97999999999999998
3472,1782579694371,-0.040000000000000001,-0.57999999999999996,1.04
3473,1782579694504,-0.02,-0.62,1.0800000000000001
3474,1782579694537,-0.02,-0.67000000000000004,1.0800000000000001
3475,1782579694587,-0,-0.68000000000000005,1.0800000000000001
3476,1782579694620,0.13,-0.78000000000000003,0.88
3477,1782579694670,0.13,-0.72999999999999998,0.88
3478,1782579694837,0.080000000000000002,-0.62,0.82999999999999996
3479,1782579694887,0.14999999999999999,-0.77000000000000002,1.01
3480,1782579695053,0.12,-0.77000000000000002,1.01
3481,1782579695136,0.14000000000000001,-0.80000000000000004,0.97999999999999998
3482,1782579695187,0.14000000000000001,-0.80000000000000004,1.01
3483,1782579695220,0.14000000000000001,-0.80000000000000004,1.01
3484,1782579695270,0.14999999999999999,-0.80000000000000004,1.03
3485,1782579695320,0.13,-0.76000000000000001,1.03
3486,1782579695353,0.13,-0.75,1.03
3487,1782579695486,-0.02,-0.35999999999999999,0.95999999999999996
3488,1782579695536,-0.02,-0.32000000000000001,0.95999999999999996
3489,1782579695570,-0.02,-0.31,0.95999999999999996
3490,1782579695603,-0.02,-0.31,0.95999999999999996
3491,1782579695619,-0.02,-0.31,0.96999999999999997
3492,1782579695636,0.029999999999999999,-0.31,1.0900000000000001
3493,1782579695669,0.029999999999999999,-0.37,1.21
3494,1782579695702,0.01,-0.5,1.21
3495,1782579695769,0.070000000000000007,-0.68999999999999995,0.94999999999999996
3496,1782579695852,0.12,-0.72999999999999998,0.92000000000000004
3497,1782579695919,0.14000000000000001,-0.73999999999999999,0.91000000000000003
3498,1782579695969,0.14000000000000001,-0.92000000000000004,0.98999999999999999
3499,1782579696019,0.17000000000000001,-0.92000000000000004,0.89000000000000001
3500,1782579696053,0.17000000000000001,-0.92000000000000004,1.04
3501,1782579696086,0.19,-0.91000000000000003,1.02
3502,1782579696153,0.19,-0.91000000000000003,1.04
3503,1782579696169,0.19,-0.84999999999999998,1.02
3504,1782579696352,0.17999999999999999,-0.56999999999999995,0.93999999999999995
3505,1782579696385,0.20000000000000001,-0.56999999999999995,1.02
3506,1782579696402,0.20000000000000001,-0.60999999999999999,1.05
3507,1782579696419,0.20000000000000001,-0.63,1.1499999999999999
3508,1782579696452,0.13,-0.63,1.05
3509,1782579696519,0.17999999999999999,-0.89000000000000001,1.0800000000000001
3510,1782579696569,0.23000000000000001,-0.94999999999999996,1.1000000000000001
3511,1782579696735,0.23999999999999999,-0.95999999999999996,1.1699999999999999
3512,1782579696802,0.23000000000000001,-0.88,1.1200000000000001
3513,1782579696852,0.23000000000000001,-0.91000000000000003,1.1200000000000001
3514,1782579696885,0.23000000000000001,-0.91000000000000003,1.04
3515,1782579696985,0.25,-0.91000000000000003,1.04
3516,1782579697035,0.19,-0.54000000000000004,0.96999999999999997
3517,1782579697168,0.17999999999999999,-0.68999999999999995,1.0700000000000001
3518,1782579697219,0.14999999999999999,-0.68999999999999995,1.1699999999999999
3519,1782579697252,0.17000000000000001,-0.14999999999999999,0.88
3520,1782579697285,0.17000000000000001,-0.14999999999999999,0.98999999999999999
3521,1782579697368,0.14000000000000001,-0.31,1.05
3522,1782579697385,0.14000000000000001,-0.34000000000000002,1.05
3523,1782579697435,0.14000000000000001,-0.34000000000000002,1.05
3524,1782579697485,0.13,-0.33000000000000002,1
3525,1782579697535,0.12,-0.34999999999999998,1.2
3526,1782579697601,0.12,-0.089999999999999997,1.1299999999999999
3527,1782579697651,0.11,-0.089999999999999997,1.03
3528,1782579697769,0.11,-0.089999999999999997,1.03
3529,1782579697802,0.10000000000000001,-0.11,1.29
3530,1782579697869,0.10000000000000001,-0.11,1.1599999999999999
3531,1782579697935,0.080000000000000002,-0.050000000000000003,0.91000000000000003
3532,1782579697967,0.080000000000000002,-0.040000000000000001,0.81999999999999995
3533,1782579698001,0.070000000000000007,0.059999999999999998,0.81999999999999995
3534,1782579698017,0.059999999999999998,0.059999999999999998,0.81999999999999995
3535,1782579698034,0.059999999999999998,0.059999999999999998,0.98999999999999999
3536,1782579698068,0.059999999999999998,0.040000000000000001,1.1200000000000001
3537,1782579698118,0.12,-0.029999999999999999,1.1799999999999999
3538,1782579698135,0.070000000000000007,0.029999999999999999,1.0600000000000001
3539,1782579698201,0.070000000000000007,0.029999999999999999,1.0600000000000001
3540,1782579698267,0.12,0.029999999999999999,1.0600000000000001
3541,1782579698317,0.12,-0.059999999999999998,1.0600000000000001
3542,1782579698351,0.070000000000000007,-0.059999999999999998,1.0600000000000001
3543,1782579698417,0.13,-0.13,1.29
3544,1782579698450,0.14000000000000001,-0.14999999999999999,1.29
3545,1782579698468,0.14000000000000001,-0.14999999999999999,1.29
3546,1782579698534,0.089999999999999997,-0.050000000000000003,0.84999999999999998
3547,1782579698734,0.13,-0.23999999999999999,1.0600000000000001
3548,1782579698767,0.19,-0.20000000000000001,0.94999999999999996
3549,1782579698817,0.19,-0.20000000000000001,0.97999999999999998
3550,1782579698850,0.13,-0.23000000000000001,0.97999999999999998
3551,1782579698866,0.089999999999999997,-0.23000000000000001,1.04
3552,1782579698884,0.059999999999999998,-0.19,0.97999999999999998
3553,1782579698917,0.080000000000000002,-0.28999999999999998,1.1899999999999999
3554,1782579699000,0.080000000000000002,-0.28999999999999998,1.21
3555,1782579699101,0.13,-0.26000000000000001,1.1100000000000001
3556,1782579699200,0.059999999999999998,-0.29999999999999999,1.1000000000000001
3557,1782579699233,0.070000000000000007,-0.34000000000000002,1.1599999999999999
3558,1782579699333,0.059999999999999998,-0.34999999999999998,1.1699999999999999
3559,1782579699400,0.059999999999999998,-0.34000000000000002,1.1599999999999999
3560,1782579699449,0.10000000000000001,-0.27000000000000002,0.94999999999999996
3561,1782579699517,0.10000000000000001,-0.27000000000000002,0.94999999999999996
3562,1782579699566,0.10000000000000001,-0.31,0.94999999999999996
3563,1782579699649,0.10000000000000001,-0.32000000000000001,0.96999999999999997
3564,1782579699683,0.070000000000000007,-0.14000000000000001,1
3565,1782579699733,0.089999999999999997,-0.11,1.04
3566,1782579699749,0.10000000000000001,-0.11,1.01
3567,1782579699782,0.12,-0.11,1.04
3568,1782579699816,0.12,-0.20999999999999999,1.01
3569,1782579699882,0.12,-0.27000000000000002,1.01
3570,1782579699932,-0.029999999999999999,-0.059999999999999998,0.95999999999999996
3571,1782579700016,-0.029999999999999999,-0.059999999999999998,1.0800000000000001
3572,1782579700132,0.13,-0.28000000000000003,1.3
3573,1782579700149,0.16,-0.29999999999999999,1.3
3574,1782579700166,0.17000000000000001,-0.29999999999999999,1.28
3575,1782579700216,0.02,0.01,1.1899999999999999
3576,1782579700249,0.029999999999999999,0.01,1.1899999999999999
3577,1782579700299,0.080000000000000002,0.01,1.1899999999999999
3578,1782579700399,0.089999999999999997,0.01,1.1699999999999999
3579,1782579700432,0.10000000000000001,0.01,1.0900000000000001
3580,1782579700465,0.11,0,1.1200000000000001
3581,1782579700482,0.11,0,1.1200000000000001
3582,1782579700498,0.11,0.01,1.0900000000000001
3583,1782579700565,0.040000000000000001,0.28999999999999998,1.1200000000000001
3584,1782579700632,0.10000000000000001,0.28999999999999998,1.1299999999999999
3585,1782579700665,0.10000000000000001,0.28000000000000003,1.1299999999999999
3586,1782579700698,0.070000000000000007,0.25,1.1499999999999999
3587,1782579700765,0.070000000000000007,0.25,1.1499999999999999
3588,1782579700815,0.070000000000000007,0.28000000000000003,1.1000000000000001
3589,1782579700832,-0.050000000000000003,0.63,1.1899999999999999
3590,1782579700849,-0.029999999999999999,0.63,1.1899999999999999
3591,1782579700948,-0.01,0.63,1.1899999999999999
3592,1782579700999,0.02,0.64000000000000001,1.1599999999999999
3593,1782579701082,0.23000000000000001,0.81000000000000005,1.04
3594,1782579701132,0.31,0.79000000000000004,0.93000000000000005
3595,1782579701148,0.31,0.79000000000000004,0.93000000000000005
3596,1782579701182,0.20000000000000001,0.79000000000000004,0.92000000000000004
3597,1782579701231,0.17000000000000001,0.79000000000000004,0.88
3598,1782579701315,0.16,0.69999999999999996,0.83999999999999997
3599,1782579701365,0.25,0.64000000000000001,1.1499999999999999
3600,1782579701432,0.26000000000000001,0.79000000000000004,0.87
3601,1782579701531,0.26000000000000001,0.80000000000000004,0.87
3602,1782579701565,0.14999999999999999,0.82999999999999996,0.83999999999999997
3603,1782579701581,0.14000000000000001,0.91000000000000003,0.83999999999999997
3604,1782579701598,0.040000000000000001,0.91000000000000003,0.87
3605,1782579701631,0.059999999999999998,0.62,1.1299999999999999
3606,1782579701698,0.059999999999999998,0.76000000000000001,1.0800000000000001
3607,1782579701798,0.059999999999999998,0.87,0.93000000000000005
3608,1782579701847,-0.040000000000000001,0.87,0.90000000000000002
3609,1782579701915,0.11,0.65000000000000002,0.94999999999999996
3610,1782579701964,0.12,0.68999999999999995,0.93000000000000005
3611,1782579702115,0.10000000000000001,0.71999999999999997,0.80000000000000004
3612,1782579702147,0.28999999999999998,0.59999999999999998,0.75
3613,1782579702197,0.25,0.59999999999999998,0.76000000000000001
3614,1782579702248,0.25,0.63,0.76000000000000001
3615,1782579702382,0.28000000000000003,0.48999999999999999,0.90000000000000002
3616,1782579702431,0.28000000000000003,0.48999999999999999,0.83999999999999997
3617,1782579702465,0.20999999999999999,0.56000000000000005,0.83999999999999997
3618,1782579702480,0.13,0.58999999999999997,0.83999999999999997
3619,1782579702530,0.10000000000000001,0.65000000000000002,0.88
3620,1782579702680,0.029999999999999999,0.41999999999999998,0.94999999999999996
3621,1782579702730,0.040000000000000001,0.41999999999999998,1.01
3622,1782579702764,0.040000000000000001,0.41999999999999998,1.1299999999999999
3623,1782579702798,0.070000000000000007,0.40000000000000002,1.1299999999999999
3624,1782579702813,0.070000000000000007,0.40000000000000002,1.1299999999999999
3625,1782579702847,0.17000000000000001,0.38,1.1299999999999999
3626,1782579702882,0.17000000000000001,0.40000000000000002,1.1100000000000001
3627,1782579702930,0.20999999999999999,0.40000000000000002,1.0600000000000001
3628,1782579702980,0.23999999999999999,0.45000000000000001,1.05
3629,1782579702998,0.17999999999999999,0.38,0.94999999999999996
3630,1782579703047,0.16,0.38,0.98999999999999999
3631,1782579703096,0.13,0.35999999999999999,1.0800000000000001
3632,1782579703146,0.12,0.34000000000000002,1.0800000000000001
3633,1782579703180,0.12,0.34000000000000002,1.1299999999999999
3634,1782579703248,0.089999999999999997,0.31,1.1699999999999999
3635,1782579703314,0.12,0.26000000000000001,1.1200000000000001
3636,1782579703380,0.13,0.23000000000000001,1.1200000000000001
3637,1782579703414,0.13,0.19,1.1200000000000001
3638,1782579703530,0.20999999999999999,0.22,1.0700000000000001
3639,1782579703563,0.20000000000000001,0.19,1.0700000000000001
3640,1782579703613,0.20000000000000001,0.17999999999999999,1.02
3641,1782579703631,0.16,0.16,1.01
3642,1782579703680,0.12,0.16,0.96999999999999997
3643,1782579703730,0.089999999999999997,0.14000000000000001,0.95999999999999996
3644,1782579703831,0.12,0.040000000000000001,1.0800000000000001
3645,1782579703896,0.12,0.040000000000000001,1.05
3646,1782579703930,0.14000000000000001,0.040000000000000001,1
3647,1782579703963,0.13,0.070000000000000007,0.95999999999999996
3648,1782579703979,0.13,0.12,0.91000000000000003
3649,1782579704030,0.13,0.14000000000000001,0.91000000000000003
3650,1782579704096,0.14000000000000001,0.050000000000000003,0.95999999999999996
3651,1782579704179,0.14999999999999999,0.050000000000000003,0.95999999999999996
3652,1782579704195,0.14999999999999999,0.050000000000000003,0.95999999999999996
3653,1782579704229,0.17000000000000001,0.070000000000000007,0.96999999999999997
3654,1782579704296,0.20000000000000001,0.070000000000000007,1.01
3655,1782579704329,0.11,-0.040000000000000001,1.01
3656,1782579704445,0.14000000000000001,-0.040000000000000001,1.01
3657,1782579704512,0.19,-0.02,1.04
3658,1782579704596,0.17000000000000001,-0.029999999999999999,0.97999999999999998
3659,1782579704646,0.17000000000000001,-0.02,0.97999999999999998
3660,1782579704745,0.17000000000000001,0.01,0.97999999999999998
3661,1782579704812,0.17000000000000001,0.01,0.97999999999999998
3662,1782579704845,0.29999999999999999,-0.029999999999999999,0.98999999999999999
3663,1782579704911,0.26000000000000001,-0.11,0.98999999999999999
3664,1782579704995,0.22,-0.11,0.98999999999999999
3665,1782579705061,0.059999999999999998,-0.11,0.97999999999999998
3666,1782579705161,-0.040000000000000001,-0.01,1.04
3667,1782579705261,0.14999999999999999,0.050000000000000003,1.0600000000000001
3668,1782579705328,0.17999999999999999,0.050000000000000003,1.0600000000000001
3669,1782579705378,0.17999999999999999,0.050000000000000003,1.05
3670,1782579705428,0.20000000000000001,0.029999999999999999,1.0600000000000001
3671,1782579705477,0.14000000000000001,-0.059999999999999998,0.98999999999999999
3672,1782579705527,0.14000000000000001,-0.050000000000000003,0.98999999999999999
3673,1782579705595,0.14000000000000001,-0.040000000000000001,0.98999999999999999
3674,1782579705745,0.11,-0.040000000000000001,1.03
3675,1782579705828,0.11,-0.029999999999999999,1.03
3676,1782579705911,0.11,-0.02,1.02
3677,1782579705944,0.10000000000000001,-0.02,1
3678,1782579706044,0.11,-1.54,1.02
3679,1782579706144,0.11,-0.040000000000000001,1.01
3680,1782579706227,0.11,-0.040000000000000001,1.03
3681,1782579706260,0.11,-0.040000000000000001,1.02
3682,1782579706277,0.11,-0.040000000000000001,1.02
3683,1782579706294,0.11,-0.029999999999999999,1.01
3684,1782579706327,0.11,-0.029999999999999999,1.01
3685,1782579706444,0.11,-0.029999999999999999,1
3686,1782579706560,0.11,-0.02,1
3687,1782579706594,0.11,-0.02,1
3688,1782579706627,0.12,-0.029999999999999999,1
3689,1782579706644,0.12,-0.029999999999999999,1
3690,1782579706777,0.11,-0.029999999999999999,1.01
3691,1782579706910,0.11,-0.040000000000000001,1.01
3692,1782579706926,0.11,-0.040000000000000001,1.01
3693,1782579707026,0.080000000000000002,-0.040000000000000001,1
3694,1782579707076,0.080000000000000002,-0.040000000000000001,1
3695,1782579707193,0.059999999999999998,-0.040000000000000001,1.01
3696,1782579707277,0.029999999999999999,-0.040000000000000001,1.02
3697,1782579707295,0.029999999999999999,-0.040000000000000001,1.02
3698,1782579707360,0.029999999999999999,-0.040000000000000001,1.01
3699,1782579707393,0.029999999999999999,-0.040000000000000001,1.01
3700,1782579707493,-0.14999999999999999,-0.040000000000000001,1.01
3701,1782579707560,-0.22,-0.040000000000000001,1.01
3702,1782579707593,-0.22,-0.040000000000000001,0.98999999999999999
3703,1782579707609,-0.22,-0.059999999999999998,1.01
3704,1782579707659,-0.17000000000000001,-0.059999999999999998,1.01
3705,1782579707726,-0.17000000000000001,-0.070000000000000007,1.01
3706,1782579707776,-0.13,-0.080000000000000002,1.03
3707,1782579707826,-0.01,-0.01,0.97999999999999998
3708,1782579707876,-0.02,0.02,0.93999999999999995
3709,1782579707926,-0.029999999999999999,0.02,0.90000000000000002
3710,1782579707993,-0.040000000000000001,0.02,0.90000000000000002
3711,1782579708042,-0.040000000000000001,0.02,0.90000000000000002
3712,1782579708076,-0.059999999999999998,-0,0.92000000000000004
3713,1782579708109,-0.070000000000000007,-0,0.93999999999999995
3714,1782579708142,-0.070000000000000007,-0.01,0.95999999999999996
3715,1782579708243,-0.070000000000000007,-0.02,0.98999999999999999
3716,1782579708326,-0.040000000000000001,-0.040000000000000001,1.01
3717,1782579708376,-0.040000000000000001,-0.050000000000000003,1.02
3718,1782579708409,-0.040000000000000001,-0.050000000000000003,1.04
3719,1782579708493,-0.040000000000000001,-0.050000000000000003,1.04
3720,1782579708509,-0.040000000000000001,-0.050000000000000003,1.04
3721,1782579708542,-0.029999999999999999,-0.050000000000000003,1.04
3722,1782579708609,-0.029999999999999999,-0.050000000000000003,1.02
3723,1782579708659,-0.029999999999999999,-0.050000000000000003,1.02
3724,1782579708692,-0.029999999999999999,-0.050000000000000003,1.03
3725,1782579708791,-0.029999999999999999,-0.050000000000000003,1.03
3726,1782579708860,-0.029999999999999999,-0.059999999999999998,1
3727,1782579708925,-0.029999999999999999,-0.059999999999999998,1
3728,1782579708958,-0.029999999999999999,-0.059999999999999998,1.01
3729,1782579709092,-0.029999999999999999,-0.059999999999999998,1.01
3730,1782579709258,-0.01,-0.059999999999999998,0.96999999999999997
3731,1782579709275,-0,-0.070000000000000007,0.96999999999999997
3732,1782579709341,0,-0.070000000000000007,0.98999999999999999
3733,1782579709374,0.089999999999999997,-0.040000000000000001,1
3734,1782579709441,0.089999999999999997,-0.050000000000000003,1.03
3735,1782579709508,0.089999999999999997,-0.050000000000000003,1.03
3736,1782579709542,0.10000000000000001,-0.050000000000000003,1.03
3737,1782579709608,0.080000000000000002,-0.029999999999999999,1.04
3738,1782579709641,0.10000000000000001,-0.029999999999999999,1.03
3739,1782579709675,0.10000000000000001,-0.029999999999999999,1.02
3740,1782579709774,0.10000000000000001,-0.029999999999999999,1.01
3741,1782579709824,0.11,-0.029999999999999999,1.01
3742,1782579709874,0.12,-0.029999999999999999,1.02
3743,1782579709924,0.11,-0.040000000000000001,1.02
3744,1782579709974,0.11,-0.040000000000000001,1.03
3745,1782579710008,0.11,-0.050000000000000003,1.05
3746,1782579710057,0.11,-0.059999999999999998,1.05
3747,1782579710090,0.11,-0.059999999999999998,1.03
3748,1782579710108,0.12,-0.059999999999999998,1.04
3749,1782579710274,0.12,-0.040000000000000001,1.03
3750,1782579710324,0.12,-0.029999999999999999,1.02
3751,1782579710390,0.12,-0.029999999999999999,1.02
3752,1782579710424,0.12,-0.029999999999999999,1.02
3753,1782579710474,0.12,-0.029999999999999999,1.02
3754,1782579710540,0.12,-0.029999999999999999,1.02
3755,1782579710597,0.12,-0.029999999999999999,1.01
3756,1782579710806,0.11,-0.02,1.02
3757,1782579710840,0.12,-0.02,1.01
3758,1782579710873,0.12,-0.029999999999999999,1.01
3759,1782579710923,0.12,-0.029999999999999999,1.02
3760,1782579710957,0.12,-0.040000000000000001,1.01
3761,1782579711039,0.12,-0.02,1.01
3762,1782579711140,0.12,-0.029999999999999999,1.02
3763,1782579711156,0.12,-0.029999999999999999,1.02
3764,1782579711190,0.12,-0.040000000000000001,1.02
3765,1782579711273,0.080000000000000002,-0.040000000000000001,1.02
3766,1782579711323,0.070000000000000007,-0.040000000000000001,1.02
3767,1782579711489,0.059999999999999998,-0.040000000000000001,1.01
3768,1782579711556,0.02,-0.050000000000000003,1.02
3769,1782579711623,0.029999999999999999,-0.050000000000000003,1.02
3770,1782579711672,0.029999999999999999,-0.050000000000000003,1.02
3771,1782579711739,0.029999999999999999,-0.050000000000000003,1.01
3772,1782579711789,0.029999999999999999,-0.050000000000000003,1.01
3773,1782579711839,0.029999999999999999,-0.050000000000000003,1.01
3774,1782579711905,0.029999999999999999,-0.050000000000000003,1.01
3775,1782579711955,0.029999999999999999,-0.050000000000000003,1.01
3776,1782579712038,0.040000000000000001,-0.040000000000000001,1.02
3777,1782579712072,0.040000000000000001,-0.040000000000000001,1.01
3778,1782579712105,0.040000000000000001,-0.040000000000000001,1.01
3779,1782579712122,0.040000000000000001,-0.040000000000000001,1.01
3780,1782579712155,0.040000000000000001,-0.040000000000000001,1.01
3781,1782579712239,0.040000000000000001,-0.040000000000000001,1.01
3782,1782579712305,0.040000000000000001,-0.050000000000000003,1.01
3783,1782579712373,0.040000000000000001,-0.050000000000000003,1.01
3784,1782579712455,0.040000000000000001,-0.050000000000000003,1.01
3785,1782579712521,0.040000000000000001,-0.050000000000000003,1.01
3786,1782579712539,0.040000000000000001,-0.050000000000000003,1.01
3787,1782579712555,0.040000000000000001,-0.050000000000000003,1.01
3788,1782579712588,0.040000000000000001,-0.040000000000000001,1.01
3789,1782579712621,0.050000000000000003,-0.040000000000000001,1.01
3790,1782579712672,0.050000000000000003,-0.040000000000000001,1.01
3791,1782579712721,0.050000000000000003,-0.040000000000000001,1.01
3792,1782579712788,0.050000000000000003,-0.040000000000000001,1.01
3793,1782579712838,0.050000000000000003,-0.040000000000000001,1.01
3794,1782579712872,0.040000000000000001,-0.040000000000000001,1.01
3795,1782579712955,0.050000000000000003,-0.040000000000000001,1.01
3796,1782579713038,0.050000000000000003,-0.040000000000000001,1.01
3797,1782579713055,0.050000000000000003,-0.040000000000000001,1.01
3798,1782579713105,0.050000000000000003,-0.040000000000000001,1.01
3799,1782579713188,0.040000000000000001,-0.050000000000000003,1.01
3800,1782579713221,0.040000000000000001,-0.050000000000000003,1.01
3801,1782579713305,0.040000000000000001,-0.050000000000000003,1.01
3802,1782579713337,0.040000000000000001,-0.050000000000000003,1.01
3803,1782579713437,0.040000000000000001,-0.050000000000000003,1.01
3804,1782579713472,0.040000000000000001,-0.050000000000000003,1.01
3805,1782579713521,0.040000000000000001,-0.050000000000000003,1.01
3806,1782579713589,0.040000000000000001,-0.050000000000000003,1.01
3807,1782579713721,0.050000000000000003,-0.050000000000000003,1.01
3808,1782579713754,0.050000000000000003,-0.040000000000000001,1.01
3809,1782579713821,0.050000000000000003,-0.040000000000000001,1.01
3810,1782579713888,0.050000000000000003,-0.040000000000000001,1.01
3811,1782579713921,0.050000000000000003,-0.050000000000000003,1.01
3812,1782579714020,0.050000000000000003,-0.050000000000000003,1.01
3813,1782579714088,0.050000000000000003,-0.050000000000000003,1.01
3814,1782579714171,0.040000000000000001,-0.040000000000000001,1.01
3815,1782579714204,0.040000000000000001,-0.040000000000000001,1.01
3816,1782579714271,0.040000000000000001,-0.050000000000000003,1.01
3817,1782579714304,0.050000000000000003,-0.050000000000000003,1.01
3818,1782579714353,0.050000000000000003,-0.050000000000000003,1.01
3819,1782579714437,0.050000000000000003,-0.050000000000000003,1.01
3820,1782579714503,0.050000000000000003,-0.050000000000000003,1.02
3821,1782579714554,0.050000000000000003,-0.050000000000000003,1.02
3822,1782579714620,0.050000000000000003,-0.050000000000000003,1.02
3823,1782579714653,0.040000000000000001,-0.050000000000000003,1.01
3824,1782579714737,0.040000000000000001,-0.050000000000000003,1.01
3825,1782579714886,0.040000000000000001,-0.050000000000000003,1.01
3826,1782579714936,0.040000000000000001,-0.040000000000000001,1.01
3827,1782579714987,0.040000000000000001,-0.040000000000000001,1.01
3828,1782579715036,0.040000000000000001,-0.040000000000000001,1.02
3829,1782579715086,0.040000000000000001,-0.040000000000000001,1.02
3830,1782579715154,0.040000000000000001,-0.040000000000000001,1.01
3831,1782579715203,0.040000000000000001,-0.040000000000000001,1.02
3832,1782579715220,0.040000000000000001,-0.040000000000000001,1.01
3833,1782579715286,0.040000000000000001,-0.040000000000000001,1.02
3834,1782579715369,0.040000000000000001,-0.040000000000000001,1.01
3835,1782579715402,0.040000000000000001,-0.040000000000000001,1.01
3836,1782579715470,0.040000000000000001,-0.040000000000000001,1.01
3837,1782579715503,0.040000000000000001,-0.040000000000000001,1.01
3838,1782579715569,0.050000000000000003,-0.040000000000000001,1.01
3839,1782579715653,0.050000000000000003,-0.040000000000000001,1.01
3840,1782579715736,0.040000000000000001,-0.040000000000000001,1.01
3841,1782579715769,0.040000000000000001,-0.040000000000000001,1.01
3842,1782579715836,0.040000000000000001,-0.040000000000000001,1.01
3843,1782579715886,0.050000000000000003,-0.040000000000000001,1.01
3844,1782579715952,0.050000000000000003,-0.040000000000000001,1.01
3845,1782579715985,0.050000000000000003,-0.040000000000000001,1.01
3846,1782579716052,0.050000000000000003,-0.040000000000000001,1.02
3847,1782579716103,0.050000000000000003,-0.040000000000000001,1.02
3848,1782579716118,0.040000000000000001,-0.040000000000000001,1.02
3849,1782579716169,0.040000000000000001,-0.040000000000000001,1.01
3850,1782579716220,0.040000000000000001,-0.040000000000000001,1.01
3851,1782579716385,0.050000000000000003,-0.050000000000000003,1.01
3852,1782579716468,0.050000000000000003,-0.050000000000000003,1.01
3853,1782579716552,0.050000000000000003,-0.050000000000000003,1.02
3854,1782579716585,0.050000000000000003,-0.050000000000000003,1.02
3855,1782579716635,0.050000000000000003,-0.050000000000000003,1.02
3856,1782579716768,0.050000000000000003,-0.050000000000000003,1.01
3857,1782579716852,0.050000000000000003,-0.050000000000000003,1.01
3858,1782579716901,0.040000000000000001,-0.050000000000000003,1.01
3859,1782579716969,0.040000000000000001,-0.050000000000000003,1.01
3860,1782579717034,0.040000000000000001,-0.050000000000000003,1.02
3861,1782579717085,0.040000000000000001,-0.040000000000000001,1.02
3862,1782579717118,0.050000000000000003,-0.040000000000000001,1.02
3863,1782579717186,0.050000000000000003,-0.040000000000000001,1.02
3864,1782579717252,0.050000000000000003,-0.040000000000000001,1.02
3865,1782579717334,0.050000000000000003,-0.050000000000000003,1.01
3866,1782579717384,0.050000000000000003,-0.040000000000000001,1.01
3867,1782579717451,0.050000000000000003,-0.040000000000000001,1.01
3868,1782579717485,0.050000000000000003,-0.040000000000000001,1.01
3869,1782579717550,0.050000000000000003,-0.050000000000000003,1.01
3870,1782579717601,0.050000000000000003,-0.040000000000000001,1.02
3871,1782579717634,0.050000000000000003,-0.040000000000000001,1.02
3872,1782579717684,0.050000000000000003,-0.040000000000000001,1.02
3873,1782579717751,0.050000000000000003,-0.040000000000000001,1.02
3874,1782579717818,0.050000000000000003,-0.040000000000000001,1.02
3875,1782579717934,0.050000000000000003,-0.050000000000000003,1.02
3876,1782579718000,0.050000000000000003,-0.050000000000000003,1.01
3877,1782579718068,0.050000000000000003,-0.050000000000000003,1.01
3878,1782579718101,0.050000000000000003,-0.050000000000000003,1.01
3879,1782579718167,0.050000000000000003,-0.040000000000000001,1.03
3880,1782579718200,0.050000000000000003,-0.040000000000000001,1
3881,1782579718217,0.059999999999999998,-0.040000000000000001,1.03
3882,1782579718250,0.059999999999999998,-0.029999999999999999,1
3883,1782579718317,0.059999999999999998,-0.040000000000000001,1
3884,1782579718385,0.059999999999999998,-0.040000000000000001,1.03
3885,1782579718433,0.050000000000000003,-0.050000000000000003,1.01
3886,1782579718484,0.050000000000000003,-0.050000000000000003,1.01
3887,1782579718550,0.050000000000000003,-0.050000000000000003,1.01
3888,1782579718583,0.050000000000000003,-0.050000000000000003,1.01
3889,1782579718600,0.050000000000000003,-0.040000000000000001,1.01
3890,1782579718634,0.050000000000000003,-0.040000000000000001,1.01
3891,1782579718650,0.050000000000000003,-0.050000000000000003,1.01
3892,1782579718683,0.050000000000000003,-0.050000000000000003,1.01
3893,1782579718766,0.050000000000000003,-0.050000000000000003,1.01
3894,1782579718834,0.050000000000000003,-0.050000000000000003,1.01
3895,1782579718950,0.050000000000000003,-0.050000000000000003,1.01
3896,1782579718984,0.050000000000000003,-0.050000000000000003,1.01
3897,1782579719034,0.050000000000000003,-0.050000000000000003,1.01
3898,1782579719099,0.050000000000000003,-0.040000000000000001,1.01
3899,1782579719266,0.040000000000000001,-0.040000000000000001,1.01
3900,1782579719449,0.050000000000000003,-0.040000000000000001,1.01
3901,1782579719466,0.050000000000000003,-0.040000000000000001,1.01
3902,1782579719566,0.050000000000000003,-0.040000000000000001,1.01
3903,1782579719616,0.050000000000000003,-0.040000000000000001,1.01
3904,1782579719699,0.050000000000000003,-0.040000000000000001,1.01
3905,1782579719715,0.050000000000000003,-0.040000000000000001,1.01
3906,1782579719732,0.050000000000000003,-0.040000000000000001,1.01
3907,1782579719749,0.050000000000000003,-0.040000000000000001,1.01
3908,1782579719782,0.050000000000000003,-0.040000000000000001,1.01
3909,1782579719815,0.050000000000000003,-0.040000000000000001,1.01
3910,1782579719882,0.050000000000000003,-0.040000000000000001,1.01
3911,1782579719915,0.040000000000000001,-0.040000000000000001,1.01
3912,1782579719982,0.040000000000000001,-0.040000000000000001,1.01
3913,1782579720082,0.040000000000000001,-0.040000000000000001,1.01
3914,1782579720132,0.040000000000000001,-0.040000000000000001,1.01
3915,1782579720199,0.040000000000000001,-0.040000000000000001,1.01
3916,1782579720248,0.050000000000000003,-0.040000000000000001,1.01
3917,1782579720282,0.040000000000000001,-0.040000000000000001,1.01
3918,1782579720315,0.040000000000000001,-0.040000000000000001,1.01
3919,1782579720332,0.040000000000000001,-0.040000000000000001,1.01
3920,1782579720432,0.040000000000000001,-0.040000000000000001,1.01
3921,1782579720565,0.050000000000000003,-0.040000000000000001,1.01
3922,1782579720582,0.050000000000000003,-0.040000000000000001,1.01
3923,1782579720632,0.050000000000000003,-0.040000000000000001,1.01
3924,1782579720648,0.050000000000000003,-0.040000000000000001,1.01
3925,1782579720682,0.050000000000000003,-0.040000000000000001,1.01
3926,1782579720698,0.050000000000000003,-0.040000000000000001,1.01
3927,1782579720848,0.050000000000000003,-0.040000000000000001,1.01
3928,1782579720915,0.050000000000000003,-0.040000000000000001,1.01
3929,1782579720981,0.040000000000000001,-0.040000000000000001,1.01
3930,1782579721015,0.040000000000000001,-0.040000000000000001,1.01
3931,1782579721065,0.050000000000000003,-0.040000000000000001,1.01
3932,1782579721148,0.040000000000000001,-0.040000000000000001,1.01
3933,1782579721232,0.040000000000000001,-0.040000000000000001,1.01
3934,1782579721281,0.040000000000000001,-0.040000000000000001,1.01
3935,1782579721314,0.040000000000000001,-0.040000000000000001,1.01
3936,1782579721498,0.040000000000000001,-0.040000000000000001,1.01
3937,1782579721638,0.050000000000000003,-0.040000000000000001,1.02
3938,1782579721638,0.050000000000000003,-0.050000000000000003,1.01
3939,1782579721664,0.050000000000000003,-0.050000000000000003,1.01
3940,1782579721681,0.050000000000000003,-0.050000000000000003,1.01
3941,1782579721714,0.050000000000000003,-0.050000000000000003,1.01
3942,1782579721764,0.050000000000000003,-0.040000000000000001,1.01
3943,1782579721897,0.050000000000000003,-0.040000000000000001,1.01
3944,1782579782098,0.040000000000000001,-0.050000000000000003,1.01
3945,1782579782149,0.050000000000000003,-0.050000000000000003,1.01
3946,1782579782232,0.050000000000000003,-0.050000000000000003,1.01
3947,1782579782265,0.050000000000000003,-0.050000000000000003,1.01
3948,1782579782314,0.050000000000000003,-0.050000000000000003,1.01
3949,1782579782365,0.050000000000000003,-0.050000000000000003,1.01
3950,1782579782432,0.040000000000000001,-0.040000000000000001,1.01
3951,1782579782464,0.040000000000000001,-0.050000000000000003,1.01
3952,1782579782481,0.040000000000000001,-0.050000000000000003,1.01
3953,1782579782499,0.040000000000000001,-0.050000000000000003,1.01
3954,1782579782548,0.040000000000000001,-0.050000000000000003,1.01
3955,1782579782598,0.050000000000000003,-0.050000000000000003,1.01
3956,1782579782631,0.050000000000000003,-0.050000000000000003,1.01
3957,1782579782683,0.050000000000000003,-0.050000000000000003,1.01
3958,1782579782748,0.050000000000000003,-0.050000000000000003,1.01
3959,1782579782797,0.050000000000000003,-0.050000000000000003,1.01
3960,1782579782848,0.040000000000000001,-0.040000000000000001,1.01
3961,1782579782914,0.050000000000000003,-0.040000000000000001,1.01
3962,1782579782947,0.050000000000000003,-0.040000000000000001,1.01
3963,1782579782980,0.050000000000000003,-0.040000000000000001,1.01
3964,1782579783014,0.050000000000000003,-0.050000000000000003,1.01
3965,1782579783030,0.050000000000000003,-0.050000000000000003,1.01
3966,1782579783047,0.040000000000000001,-0.050000000000000003,1.01
3967,1782579783082,0.050000000000000003,-0.050000000000000003,1.01
3968,1782579783115,0.050000000000000003,-0.050000000000000003,1.01
3969,1782579783163,0.050000000000000003,-0.050000000000000003,1.01
3970,1782579783198,0.050000000000000003,-0.050000000000000003,1.01
3971,1782579783249,0.050000000000000003,-0.050000000000000003,1.01
3972,1782579783297,0.050000000000000003,-0.050000000000000003,1.01
3973,1782579783347,0.050000000000000003,-0.050000000000000003,1.01
3974,1782579783397,0.040000000000000001,-0.050000000000000003,1.01
3975,1782579783464,0.040000000000000001,-0.050000000000000003,1.01
3976,1782579783498,0.040000000000000001,-0.050000000000000003,1.01
3977,1782579783548,0.040000000000000001,-0.050000000000000003,1.01
3978,1782579783630,0.040000000000000001,-0.050000000000000003,1.01
3979,1782579783630,0.040000000000000001,-0.050000000000000003,1.01
3980,1782579783664,0.040000000000000001,-0.040000000000000001,1.01
3981,1782579783681,0.050000000000000003,-0.040000000000000001,1.01
3982,1782579783696,0.050000000000000003,-0.040000000000000001,1.01
3983,1782579783730,0.050000000000000003,-0.040000000000000001,1.01
3984,1782579783797,0.050000000000000003,-0.040000000000000001,1.01
3985,1782579783830,0.050000000000000003,-0.040000000000000001,1.01
3986,1782579783896,0.040000000000000001,-0.040000000000000001,1.01
3987,1782579783963,0.040000000000000001,-0.040000000000000001,1.01
3988,1782579784047,0.040000000000000001,-0.050000000000000003,1.01
3989,1782579784080,0.040000000000000001,-0.050000000000000003,1.01
3990,1782579784131,0.040000000000000001,-0.050000000000000003,1.01
3991,1782579784213,0.040000000000000001,-0.050000000000000003,1.01
3992,1782579784230,0.050000000000000003,-0.050000000000000003,1.01
3993,1782579784246,0.050000000000000003,-0.050000000000000003,1.01
3994,1782579784279,0.050000000000000003,-0.050000000000000003,1.01
3995,1782579784296,0.050000000000000003,-0.050000000000000003,1.02
3996,1782579784314,0.040000000000000001,-0.050000000000000003,1.02
3997,1782579784346,0.040000000000000001,-0.050000000000000003,1.01
3998,1782579784380,0.040000000000000001,-0.050000000000000003,1.01
3999,1782579784463,0.040000000000000001,-0.050000000000000003,1.01
4000,1782579784546,0.050000000000000003,-0.050000000000000003,1.01
4001,1782579784596,0.050000000000000003,-0.040000000000000001,1.01
4002,1782579784647,0.050000000000000003,-0.050000000000000003,1.01
4003,1782579784712,0.050000000000000003,-0.050000000000000003,1.01
4004,1782579784763,0.050000000000000003,-0.050000000000000003,1.02
4005,1782579784821,0.050000000000000003,-0.050000000000000003,1.02
4006,1782579784866,0.040000000000000001,-0.050000000000000003,1.01
4007,1782579784897,0.040000000000000001,-0.050000000000000003,1.01
4008,1782579784929,0.040000000000000001,-0.040000000000000001,1.01
4009,1782579784945,0.040000000000000001,-0.040000000000000001,1.01
4010,1782579784980,0.040000000000000001,-0.040000000000000001,1.01
4011,1782579784996,0.040000000000000001,-0.040000000000000001,1.01
4012,1782579785012,0.040000000000000001,-0.040000000000000001,1.01
4013,1782579785030,0.040000000000000001,-0.040000000000000001,1.01
4014,1782579785063,0.040000000000000001,-0.040000000000000001,1.01
4015,1782579785095,0.040000000000000001,-0.040000000000000001,1.01
4016,1782579785147,0.040000000000000001,-0.040000000000000001,1.01
4017,1782579785180,0.040000000000000001,-0.040000000000000001,1.01
4018,1782579785246,0.040000000000000001,-0.040000000000000001,1.01
4019,1782579785312,0.040000000000000001,-0.040000000000000001,1.01
4020,1782579785412,0.050000000000000003,-0.050000000000000003,1.01
4021,1782579785446,0.050000000000000003,-0.050000000000000003,1.01
4022,1782579785512,0.050000000000000003,-0.050000000000000003,1.01
4023,1782579785562,0.050000000000000003,-0.040000000000000001,1.01
4024,1782579785647,0.050000000000000003,-0.040000000000000001,1.01
4025,1782579785696,0.050000000000000003,-0.040000000000000001,1.01
4026,1782579785745,0.050000000000000003,-0.040000000000000001,1.01
4027,1782579785811,0.050000000000000003,-0.040000000000000001,1.01
4028,1782579785846,0.050000000000000003,-0.040000000000000001,1.01
4029,1782579785895,0.050000000000000003,-0.040000000000000001,1.01
4030,1782579786128,0.040000000000000001,-0.040000000000000001,1.01
4031,1782579786180,0.040000000000000001,-0.040000000000000001,1.01
4032,1782579786195,0.040000000000000001,-0.050000000000000003,1.01
4033,1782579786395,0.040000000000000001,-0.050000000000000003,1.01
4034,1782579786461,0.040000000000000001,-0.040000000000000001,1.01
4035,1782579786577,0.040000000000000001,-0.040000000000000001,1.02
4036,1782579786644,0.040000000000000001,-0.040000000000000001,1.02
4037,1782579786678,0.040000000000000001,-0.040000000000000001,1.02
4038,1782579786744,0.040000000000000001,-0.040000000000000001,1.02
4039,1782579786777,0.050000000000000003,-0.050000000000000003,1.01
4040,1782579786845,0.050000000000000003,-0.050000000000000003,1.01
4041,1782579786878,0.050000000000000003,-0.050000000000000003,1.02
4042,1782579786978,0.050000000000000003,-0.050000000000000003,1.02
4043,1782579787128,0.050000000000000003,-0.040000000000000001,1.02
4044,1782579787194,0.050000000000000003,-0.040000000000000001,1.02
4045,1782579787228,0.050000000000000003,-0.040000000000000001,1.02
4046,1782579787277,0.040000000000000001,-0.040000000000000001,1.02
4047,1782579787395,0.040000000000000001,-0.050000000000000003,1.01
4048,1782579787444,0.050000000000000003,-0.050000000000000003,1.01
4049,1782579787510,0.050000000000000003,-0.040000000000000001,1.01
4050,1782579787561,0.040000000000000001,-0.040000000000000001,1.01
4051,1782579787627,0.050000000000000003,-0.040000000000000001,1.01
4052,1782579787677,0.050000000000000003,-0.040000000000000001,1.01
4053,1782579787744,0.050000000000000003,-0.040000000000000001,1.01
4054,1782579787777,0.050000000000000003,-0.040000000000000001,1.01
4055,1782579787844,0.050000000000000003,-0.040000000000000001,1.01
4056,1782579787894,0.040000000000000001,-0.040000000000000001,1.01
4057,1782579787927,0.040000000000000001,-0.050000000000000003,1.02
4058,1782579788009,0.040000000000000001,-0.050000000000000003,1.01
4059,1782579788110,0.040000000000000001,-0.050000000000000003,1.01
4060,1782579788126,0.050000000000000003,-0.040000000000000001,1.01
4061,1782579788144,0.050000000000000003,-0.040000000000000001,1.01
4062,1782579788176,0.050000000000000003,-0.040000000000000001,1.01
4063,1782579788193,0.050000000000000003,-0.040000000000000001,1.01
4064,1782579788209,0.050000000000000003,-0.040000000000000001,1.01
4065,1782579788260,0.040000000000000001,-0.040000000000000001,1.01
4066,1782579788310,0.040000000000000001,-0.040000000000000001,1.01
4067,1782579788326,0.040000000000000001,-0.040000000000000001,1.01
4068,1782579788360,0.040000000000000001,-0.040000000000000001,1.01
4069,1782579788460,0.040000000000000001,-0.040000000000000001,1.01
4070,1782579788543,0.040000000000000001,-0.050000000000000003,1.01
4071,1782579788610,0.040000000000000001,-0.050000000000000003,1.01
4072,1782579788659,0.040000000000000001,-0.050000000000000003,1.01
4073,1782579788761,0.040000000000000001,-0.050000000000000003,1.01
4074,1782579788776,0.050000000000000003,-0.050000000000000003,1.01
4075,1782579788825,0.050000000000000003,-0.050000000000000003,1.01
4076,1782579788876,0.050000000000000003,-0.050000000000000003,1.01
4077,1782579788927,0.050000000000000003,-0.050000000000000003,1.01
4078,1782579788943,0.050000000000000003,-0.050000000000000003,1.01
4079,1782579788976,0.050000000000000003,-0.050000000000000003,1.01
4080,1782579788992,0.050000000000000003,-0.040000000000000001,1.01
4081,1782579789009,0.040000000000000001,-0.040000000000000001,1.01
4082,1782579789109,0.040000000000000001,-0.050000000000000003,1.02
4083,1782579789142,0.040000000000000001,-0.050000000000000003,1.01
4084,1782579789159,0.040000000000000001,-0.050000000000000003,1.02
4085,1782579789259,0.050000000000000003,-0.050000000000000003,1.02
4086,1782579789343,0.050000000000000003,-0.040000000000000001,1.01
4087,1782579789358,0.050000000000000003,-0.040000000000000001,1.01
4088,1782579789375,0.050000000000000003,-0.040000000000000001,1.01
4089,1782579789443,0.050000000000000003,-0.040000000000000001,1.01
4090,1782579789476,0.050000000000000003,-0.040000000000000001,1.01
4091,1782579789492,0.050000000000000003,-0.040000000000000001,1.01
4092,1782579789526,0.050000000000000003,-0.040000000000000001,0.98999999999999999
4093,1782579789542,0.050000000000000003,-0.050000000000000003,1.01
4094,1782579789558,0.050000000000000003,-0.050000000000000003,1.03
4095,1782579789628,0.050000000000000003,-0.050000000000000003,1.03
4096,1782579789694,0.050000000000000003,-0.040000000000000001,1
4097,1782579789694,0.050000000000000003,-0.040000000000000001,0.98999999999999999
4098,1782579789727,0.050000000000000003,-0.040000000000000001,0.98999999999999999
4099,1782579789743,0.050000000000000003,-0.040000000000000001,1
4100,1782579789819,0.050000000000000003,-0.040000000000000001,1
4101,1782579789907,0.050000000000000003,-0.040000000000000001,1.02
4102,1782579789958,0.040000000000000001,-0.050000000000000003,1.02
4103,1782579790025,0.040000000000000001,-0.050000000000000003,1
4104,1782579790041,0.040000000000000001,-0.040000000000000001,0.98999999999999999
4105,1782579790057,0.040000000000000001,-0.040000000000000001,0.98999999999999999
4106,1782579790090,0.050000000000000003,-0.040000000000000001,1
4107,1782579790108,0.050000000000000003,-0.040000000000000001,0.98999999999999999
4108,1782579790141,0.059999999999999998,-0.040000000000000001,1
4109,1782579790190,0.059999999999999998,-0.050000000000000003,1.03
4110,1782579790240,0.059999999999999998,-0.050000000000000003,1
4111,1782579790324,0.029999999999999999,-0.040000000000000001,1.01
4112,1782579790373,0.029999999999999999,-0.040000000000000001,1.01
4113,1782579790440,0.029999999999999999,-0.040000000000000001,1.01
4114,1782579790523,0.029999999999999999,-0.029999999999999999,1.01
4115,1782579790624,0.070000000000000007,-0.02,1
4116,1782579790790,0.080000000000000002,-0.029999999999999999,1
4117,1782579790840,0.080000000000000002,-0.029999999999999999,1
4118,1782579790907,-0.02,-0.059999999999999998,1.01
4119,1782579790956,-0.01,-0.059999999999999998,1.01
4120,1782579791022,-0,-0.059999999999999998,1.03
4121,1782579791106,0,-0.059999999999999998,1.05
4122,1782579791256,0.02,-0.050000000000000003,1.03
4123,1782579791356,0.02,-0.050000000000000003,1.03
4124,1782579791374,0.02,-0.059999999999999998,1.04
4125,1782579791439,0.029999999999999999,-0.059999999999999998,1.04
4126,1782579791472,0.11,-0.059999999999999998,1.02
4127,1782579791540,0.11,-0.059999999999999998,1.02
4128,1782579791589,0.11,-0.059999999999999998,1.02
4129,1782579791656,0.10000000000000001,-0.059999999999999998,1.03
4130,1782579791691,0.089999999999999997,-0.059999999999999998,1.03
4131,1782579791773,0.029999999999999999,-0.050000000000000003,1.02
4132,1782579791823,0.040000000000000001,-0.050000000000000003,1.02
4133,1782579791889,0.040000000000000001,-0.050000000000000003,1.02
4134,1782579791956,0.040000000000000001,-0.050000000000000003,1.02
4135,1782579792039,0.040000000000000001,-0.040000000000000001,1.01
4136,1782579792122,0.040000000000000001,-0.040000000000000001,1.01
4137,1782579792206,0.040000000000000001,-0.040000000000000001,1.01
4138,1782579792256,0.040000000000000001,-0.040000000000000001,1.01
4139,1782579792305,0.040000000000000001,-0.040000000000000001,1.01
4140,1782579792406,0.040000000000000001,-0.040000000000000001,1.01
4141,1782579792505,0.040000000000000001,-0.040000000000000001,1.01
4142,1782579792588,0.040000000000000001,-0.040000000000000001,1.01
4143,1782579792622,0.040000000000000001,-0.050000000000000003,1.01
4144,1782579792671,0.040000000000000001,-0.040000000000000001,1.01
4145,1782579792738,0.040000000000000001,-0.040000000000000001,1.01
4146,1782579792805,0.040000000000000001,-0.040000000000000001,1.01
4147,1782579792838,0.040000000000000001,-0.040000000000000001,1.01
4148,1782579792871,0.040000000000000001,-0.040000000000000001,1.01
4149,1782579792888,0.040000000000000001,-0.040000000000000001,1.01
4150,1782579792905,0.040000000000000001,-0.040000000000000001,1.01
4151,1782579792938,0.050000000000000003,-0.050000000000000003,1.01
4152,1782579793004,0.040000000000000001,-0.050000000000000003,1.01
4153,1782579793054,0.040000000000000001,-0.050000000000000003,1.01
4154,1782579793104,0.040000000000000001,-0.050000000000000003,1.01
4155,1782579793171,0.040000000000000001,-0.050000000000000003,1.01
4156,1782579793204,0.040000000000000001,-0.050000000000000003,1.01
4157,1782579793288,0.050000000000000003,-0.050000000000000003,1.01
4158,1782579793323,0.050000000000000003,-0.050000000000000003,1.01
4159,1782579793388,0.050000000000000003,-0.050000000000000003,1.02
4160,1782579793405,0.050000000000000003,-0.050000000000000003,1.02
4161,1782579793421,0.040000000000000001,-0.050000000000000003,1.02
4162,1782579793455,0.040000000000000001,-0.050000000000000003,1.02
4163,1782579793489,0.040000000000000001,-0.040000000000000001,1.01
4164,1782579793572,0.040000000000000001,-0.040000000000000001,1.01
4165,1782579793671,0.040000000000000001,-0.040000000000000001,1.01
4166,1782579793704,0.040000000000000001,-0.040000000000000001,1.01
4167,1782579793804,0.050000000000000003,-0.040000000000000001,1.01
4168,1782579793870,0.050000000000000003,-0.040000000000000001,1.01
4169,1782579793887,0.050000000000000003,-0.040000000000000001,1.01
4170,1782579794004,0.050000000000000003,-0.040000000000000001,1.01
4171,1782579794037,0.050000000000000003,-0.040000000000000001,1.02
4172,1782579794087,0.029999999999999999,-0.040000000000000001,1.02
4173,1782579794120,0.029999999999999999,-0.040000000000000001,1.02
4174,1782579794170,0.029999999999999999,-0.040000000000000001,1.02
4175,1782579794203,0.040000000000000001,-0.040000000000000001,1.01
4176,1782579794237,0.050000000000000003,-0.040000000000000001,1
4177,1782579794320,0.050000000000000003,-0.040000000000000001,1.01
4178,1782579794370,0.040000000000000001,-0.050000000000000003,1.01
4179,1782579794469,0.040000000000000001,-0.050000000000000003,1.01
4180,1782579794553,0.050000000000000003,-0.050000000000000003,1.01
4181,1782579794570,0.059999999999999998,-0.050000000000000003,1.01
4182,1782579794587,0.059999999999999998,-0.050000000000000003,1.01
4183,1782579794620,0.040000000000000001,-0.040000000000000001,1.02
4184,1782579794686,0.040000000000000001,-0.040000000000000001,1.02
4185,1782579794721,0.040000000000000001,-0.040000000000000001,1.02
4186,1782579794770,0.050000000000000003,-0.040000000000000001,1.02
4187,1782579794787,0.050000000000000003,-0.040000000000000001,1.02
4188,1782579794820,0.050000000000000003,-0.050000000000000003,1.02
4189,1782579794853,0.059999999999999998,-0.050000000000000003,1.02
4190,1782579794920,0.029999999999999999,-0.040000000000000001,1.01
4191,1782579795002,0.029999999999999999,-0.040000000000000001,1.01
4192,1782579795086,0.029999999999999999,-0.040000000000000001,1.01
4193,1782579795136,0.029999999999999999,-0.040000000000000001,1.02
4194,1782579795169,0.029999999999999999,-0.040000000000000001,1.01
4195,1782579795186,0.029999999999999999,-0.040000000000000001,1.01
4196,1782579795220,0.029999999999999999,-0.040000000000000001,1.01
4197,1782579795236,0.040000000000000001,-0.040000000000000001,1.01
4198,1782579795269,0.050000000000000003,-0.040000000000000001,1.01
4199,1782579795303,0.059999999999999998,-0.050000000000000003,1.01
4200,1782579795370,0.059999999999999998,-0.050000000000000003,1.01
4201,1782579795436,0.059999999999999998,-0.050000000000000003,1.01
4202,1782579795487,0.059999999999999998,-0.050000000000000003,1.01
4203,1782579795520,0.050000000000000003,-0.040000000000000001,1.01
4204,1782579795570,0.050000000000000003,-0.040000000000000001,1.01
4205,1782579795586,0.050000000000000003,-0.040000000000000001,1.01
4206,1782579795603,0.050000000000000003,-0.040000000000000001,1.01
4207,1782579795653,0.050000000000000003,-0.040000000000000001,1.01
4208,1782579795719,0.050000000000000003,-0.040000000000000001,1.01
4209,1782579795786,0.029999999999999999,-0.040000000000000001,1.01
4210,1782579795819,0.029999999999999999,-0.040000000000000001,1.01
4211,1782579795853,0.040000000000000001,-0.040000000000000001,1.01
4212,1782579795869,0.040000000000000001,-0.050000000000000003,1.01
4213,1782579795952,0.040000000000000001,-0.050000000000000003,1.02
4214,1782579796019,0.050000000000000003,-0.050000000000000003,1.02
4215,1782579796053,0.029999999999999999,-0.050000000000000003,1.02
4216,1782579796102,0.029999999999999999,-0.050000000000000003,1.01
4217,1782579796119,0.02,-0.040000000000000001,1
4218,1782579796153,0.02,-0.040000000000000001,1
4219,1782579796169,0.02,-0.040000000000000001,1
4220,1782579796204,0.029999999999999999,-0.040000000000000001,1.01
4221,1782579796336,0.059999999999999998,-0.050000000000000003,1
4222,1782579796386,0.040000000000000001,-0.040000000000000001,1
4223,1782579796435,0.02,-0.040000000000000001,1
4224,1782579796452,-0,-0.029999999999999999,0.98999999999999999
4225,1782579796469,-0.02,-0.02,0.98999999999999999
4226,1782579796501,-0.040000000000000001,-0.02,0.98999999999999999
4227,1782579796518,-0.040000000000000001,-0.02,0.98999999999999999
4228,1782579796668,0.01,-0.040000000000000001,0.98999999999999999
4229,1782579796736,-0,-0.029999999999999999,0.98999999999999999
4230,1782579796768,-0.01,-0.02,1.01
4231,1782579796801,-0.01,-0.02,1.01
4232,1782579796818,-0.01,-0.02,1
4233,1782579796835,-0.01,-0.01,1
4234,1782579796868,-0.01,-0.01,1
4235,1782579796951,0.040000000000000001,-0.050000000000000003,1.01
4236,1782579797001,0.040000000000000001,-0.050000000000000003,1.02
4237,1782579797085,0.040000000000000001,-0.040000000000000001,1.02
4238,1782579797151,0.029999999999999999,-0.040000000000000001,1.02
4239,1782579797167,0.029999999999999999,-0.040000000000000001,1.02
4240,1782579797251,0.040000000000000001,-0.040000000000000001,1.01
4241,1782579797284,0.029999999999999999,-0.040000000000000001,1.01
4242,1782579797318,0.029999999999999999,-0.040000000000000001,1.01
4243,1782579797335,0.029999999999999999,-0.040000000000000001,1.01
4244,1782579797386,0.040000000000000001,-0.040000000000000001,1.01
4245,1782579797450,0.040000000000000001,-0.040000000000000001,1.01
4246,1782579797484,0.050000000000000003,-0.040000000000000001,1.01
4247,1782579797534,0.040000000000000001,-0.050000000000000003,1.01
4248,1782579797584,0.040000000000000001,-0.050000000000000003,1.01
4249,1782579797602,0.040000000000000001,-0.050000000000000003,1.01
4250,1782579797635,0.040000000000000001,-0.050000000000000003,1.02
4251,1782579797700,0.040000000000000001,-0.050000000000000003,1.02
4252,1782579797734,0.040000000000000001,-0.050000000000000003,1.02
4253,1782579797801,0.040000000000000001,-0.050000000000000003,1.02
4254,1782579797900,0.050000000000000003,-0.040000000000000001,1.01
4255,1782579797950,0.040000000000000001,-0.040000000000000001,1.01
4256,1782579798017,0.040000000000000001,-0.040000000000000001,1.01
4257,1782579798066,0.040000000000000001,-0.040000000000000001,1.01
4258,1782579798117,0.050000000000000003,-0.040000000000000001,1.01
4259,1782579798184,0.050000000000000003,-0.040000000000000001,1.01
4260,1782579798233,0.040000000000000001,-0.040000000000000001,1.01
4261,1782579798300,0.040000000000000001,-0.040000000000000001,1.02
4262,1782579798366,0.050000000000000003,-0.040000000000000001,1.02
4263,1782579798383,0.050000000000000003,-0.040000000000000001,1.02
4264,1782579798433,0.050000000000000003,-0.040000000000000001,1.01
4265,1782579798500,0.050000000000000003,-0.040000000000000001,1.01
4266,1782579798601,0.050000000000000003,-0.040000000000000001,1.01
4267,1782579798650,0.040000000000000001,-0.040000000000000001,1.01
4268,1782579798666,0.040000000000000001,-0.040000000000000001,1.01
4269,1782579798733,0.040000000000000001,-0.040000000000000001,1.01
4270,1782579798800,0.040000000000000001,-0.040000000000000001,1.01
4271,1782579798866,0.040000000000000001,-0.040000000000000001,1.01
4272,1782579798966,0.040000000000000001,-0.040000000000000001,1.01
4273,1782579799049,0.040000000000000001,-0.040000000000000001,1.01
4274,1782579799083,0.040000000000000001,-0.040000000000000001,1.02
4275,1782579799134,0.040000000000000001,-0.040000000000000001,1.02
4276,1782579799216,0.050000000000000003,-0.040000000000000001,1.01
4277,1782579799233,0.050000000000000003,-0.040000000000000001,1.01
4278,1782579799267,0.050000000000000003,-0.040000000000000001,1.01
4279,1782579799317,0.050000000000000003,-0.040000000000000001,1.01
4280,1782579799399,0.050000000000000003,-0.040000000000000001,1.01
4281,1782579799532,0.040000000000000001,-0.040000000000000001,1.02
4282,1782579799615,0.029999999999999999,-0.040000000000000001,1.01
4283,1782579799649,0.029999999999999999,-0.040000000000000001,1.01
4284,1782579799715,0.029999999999999999,-0.040000000000000001,1.01
4285,1782579799782,0.050000000000000003,-0.040000000000000001,1.01
4286,1782579799865,0.050000000000000003,-0.040000000000000001,1.01
4287,1782579799899,0.050000000000000003,-0.040000000000000001,1.01
4288,1782579799932,0.050000000000000003,-0.040000000000000001,1.01
4289,1782579799981,0.040000000000000001,-0.050000000000000003,1.01
4290,1782579800031,0.040000000000000001,-0.050000000000000003,1.01
4291,1782579800098,0.040000000000000001,-0.050000000000000003,1.01
4292,1782579800131,0.050000000000000003,-0.050000000000000003,1.01
4293,1782579800198,0.050000000000000003,-0.050000000000000003,1.01
4294,1782579800248,0.050000000000000003,-0.050000000000000003,1.02
4295,1782579800298,0.040000000000000001,-0.050000000000000003,1.02
4296,1782579800349,0.040000000000000001,-0.050000000000000003,1.02
4297,1782579800431,0.050000000000000003,-0.040000000000000001,1.01
4298,1782579800465,0.050000000000000003,-0.040000000000000001,1.01
4299,1782579800531,0.050000000000000003,-0.040000000000000001,1.01
4300,1782579800614,0.050000000000000003,-0.040000000000000001,1.01
4301,1782579800681,0.040000000000000001,-0.040000000000000001,1.01
4302,1782579800749,0.040000000000000001,-0.040000000000000001,1.01
4303,1782579800831,0.040000000000000001,-0.040000000000000001,1.01
4304,1782579800881,0.040000000000000001,-0.040000000000000001,1.01
4305,1782579800931,0.040000000000000001,-0.040000000000000001,1.01
4306,1782579800982,0.040000000000000001,-0.040000000000000001,1.01
4307,1782579801031,0.040000000000000001,-0.040000000000000001,1.01
4308,1782579801098,0.040000000000000001,-0.040000000000000001,1.01
4309,1782579801131,0.040000000000000001,-0.040000000000000001,1.01
4310,1782579801198,0.040000000000000001,-0.040000000000000001,1.01
4311,1782579801264,0.050000000000000003,-0.040000000000000001,1.01
4312,1782579801331,0.050000000000000003,-0.040000000000000001,1.02
4313,1782579801397,0.050000000000000003,-0.040000000000000001,1.02
4314,1782579801448,0.050000000000000003,-0.040000000000000001,1.02
4315,1782579801564,0.050000000000000003,-0.040000000000000001,1.01
4316,1782579801614,0.050000000000000003,-0.040000000000000001,1.01
4317,1782579801664,0.050000000000000003,-0.040000000000000001,1.01
4318,1782579801731,0.050000000000000003,-0.040000000000000001,1.01
4319,1782579801781,0.050000000000000003,-0.040000000000000001,1.01
4320,1782579801830,0.040000000000000001,-0.040000000000000001,1.01
4321,1782579801898,0.040000000000000001,-0.040000000000000001,1.01
4322,1782579801930,0.040000000000000001,-0.040000000000000001,1.01
4323,1782579801980,0.040000000000000001,-0.040000000000000001,1.01
4324,1782579802047,0.040000000000000001,-0.040000000000000001,1.01
4325,1782579802080,0.050000000000000003,-0.040000000000000001,1.01
4326,1782579802130,0.050000000000000003,-0.040000000000000001,1.01
4327,1782579802281,0.050000000000000003,-0.050000000000000003,1.01
4328,1782579802331,0.050000000000000003,-0.050000000000000003,1.01
4329,1782579802364,0.050000000000000003,-0.050000000000000003,1.01
4330,1782579802380,0.050000000000000003,-0.040000000000000001,1.01
4331,1782579802413,0.050000000000000003,-0.040000000000000001,1.01
4332,1782579802464,0.050000000000000003,-0.040000000000000001,1.01
4333,1782579802530,0.050000000000000003,-0.040000000000000001,1.01
4334,1782579802596,0.050000000000000003,-0.040000000000000001,1.01
4335,1782579802630,0.050000000000000003,-0.040000000000000001,1.01
4336,1782579802680,0.050000000000000003,-0.040000000000000001,1.01
4337,1782579802713,0.040000000000000001,-0.040000000000000001,1.01
4338,1782579802763,0.040000000000000001,-0.040000000000000001,1.01
4339,1782579802846,0.050000000000000003,-0.040000000000000001,1.01
4340,1782579802930,0.050000000000000003,-0.050000000000000003,1.01
4341,1782579803013,0.040000000000000001,-0.040000000000000001,1.01
4342,1782579803096,0.040000000000000001,-0.040000000000000001,1.01
4343,1782579803129,0.040000000000000001,-0.040000000000000001,1.01
4344,1782579803179,0.040000000000000001,-0.040000000000000001,1.01
4345,1782579803197,0.040000000000000001,-0.040000000000000001,1.01
4346,1782579803296,0.040000000000000001,-0.040000000000000001,1.01
4347,1782579803363,0.040000000000000001,-0.040000000000000001,1.01
4348,1782579803413,0.040000000000000001,-0.040000000000000001,1.01
4349,1782579803479,0.040000000000000001,-0.040000000000000001,1.01
4350,1782579803512,0.040000000000000001,-0.040000000000000001,1.01
4351,1782579803530,0.050000000000000003,-0.040000000000000001,1.01
4352,1782579803595,0.040000000000000001,-0.029999999999999999,1.02
4353,1782579803663,0.040000000000000001,-0.040000000000000001,1.02
4354,1782579803695,0.040000000000000001,-0.050000000000000003,1.02
4355,1782579803729,0.040000000000000001,-0.050000000000000003,1.03
4356,1782579803745,0.050000000000000003,-0.050000000000000003,1
4357,1782579803829,0.050000000000000003,-0.050000000000000003,1.01
4358,1782579803879,0.050000000000000003,-0.050000000000000003,1.02
4359,1782579803895,0.040000000000000001,-0.050000000000000003,1.02
4360,1782579803962,0.040000000000000001,-0.050000000000000003,1.02
4361,1782579804011,0.029999999999999999,-0.050000000000000003,1.02
4362,1782579804062,0.02,-0.059999999999999998,1.02
4363,1782579804097,0.040000000000000001,-0.040000000000000001,1.02
4364,1782579804129,0.029999999999999999,-0.040000000000000001,1.02
4365,1782579804212,0.029999999999999999,-0.040000000000000001,1.02
4366,1782579804313,0.029999999999999999,-0.040000000000000001,1.02
4367,1782579804395,0.029999999999999999,-0.050000000000000003,1.01
4368,1782579804445,0.029999999999999999,-0.050000000000000003,1.01
4369,1782579804494,0.029999999999999999,-0.050000000000000003,1.01
4370,1782579804562,0.029999999999999999,-0.050000000000000003,1.01
4371,1782579804595,0.029999999999999999,-0.040000000000000001,1.01
4372,1782579804629,0.040000000000000001,-0.040000000000000001,1.01
4373,1782579804678,0.02,-0.050000000000000003,1
4374,1782579804747,0.02,-0.050000000000000003,1
4375,1782579804861,0.02,-0.040000000000000001,1.01
4376,1782579804911,0.02,-0.040000000000000001,1.01
4377,1782579804978,0.029999999999999999,-0.040000000000000001,1.01
4378,1782579805028,0.040000000000000001,-0.050000000000000003,1.02
4379,1782579805045,0.040000000000000001,-0.050000000000000003,1.02
4380,1782579805062,0.050000000000000003,-0.050000000000000003,1.02
4381,1782579805094,0.050000000000000003,-0.050000000000000003,1.01
4382,1782579805129,0.050000000000000003,-0.050000000000000003,1.01
4383,1782579805178,0.059999999999999998,-0.040000000000000001,1
4384,1782579805245,0.059999999999999998,-0.040000000000000001,1
4385,1782579805328,0.040000000000000001,-0.050000000000000003,1.01
4386,1782579805345,0.040000000000000001,-0.059999999999999998,1.01
4387,1782579805361,0.040000000000000001,-0.059999999999999998,1.02
4388,1782579805378,0.040000000000000001,-0.059999999999999998,1.02
4389,1782579805411,0.040000000000000001,-0.059999999999999998,1.02
4390,1782579805445,0.050000000000000003,-0.059999999999999998,1.01
4391,1782579805511,0.040000000000000001,-0.050000000000000003,1.01
4392,1782579805545,0.040000000000000001,-0.040000000000000001,1.01
4393,1782579805578,0.040000000000000001,-0.050000000000000003,1.02
4394,1782579805594,0.040000000000000001,-0.040000000000000001,1.02
4395,1782579805611,0.040000000000000001,-0.040000000000000001,1.01
4396,1782579805644,0.040000000000000001,-0.040000000000000001,1.01
4397,1782579805694,0.040000000000000001,-0.040000000000000001,1.01
4398,1782579805761,0.050000000000000003,-0.040000000000000001,1.01
4399,1782579805794,0.050000000000000003,-0.040000000000000001,1
4400,1782579805861,0.050000000000000003,-0.040000000000000001,1.01
4401,1782579805877,0.070000000000000007,-0.040000000000000001,1.01
4402,1782579805910,0.080000000000000002,-0.029999999999999999,1.01
4403,1782579805927,0.080000000000000002,-0.040000000000000001,1.01
4404,1782579806078,0.080000000000000002,-0.040000000000000001,1.01
4405,1782579806126,0.080000000000000002,-0.040000000000000001,0.98999999999999999
4406,1782579806160,0.070000000000000007,-0.040000000000000001,0.98999999999999999
4407,1782579806210,0.050000000000000003,-0.040000000000000001,1
4408,1782579806260,0.050000000000000003,-0.040000000000000001,1
4409,1782579806293,0.050000000000000003,-0.040000000000000001,1
4410,1782579806343,0.050000000000000003,-0.040000000000000001,1
4411,1782579806377,0.050000000000000003,-0.050000000000000003,1.01
4412,1782579806444,0.050000000000000003,-0.050000000000000003,1.02
4413,1782579806577,0.050000000000000003,-0.050000000000000003,1
4414,1782579806660,0.040000000000000001,-0.050000000000000003,1.01
4415,1782579806743,0.080000000000000002,-0.029999999999999999,1.02
4416,1782579806777,0.080000000000000002,-0.029999999999999999,1.01
4417,1782579806793,0.070000000000000007,-0.040000000000000001,1.01
4418,1782579806844,0.059999999999999998,-0.040000000000000001,1.01
4419,1782579806877,0.050000000000000003,-0.040000000000000001,1.01
4420,1782579806910,0.050000000000000003,-0.040000000000000001,0.98999999999999999
4421,1782579807076,-0.01,-0.050000000000000003,1.01
4422,1782579807293,-0,-0.040000000000000001,1.01
4423,1782579807326,0.01,-0.040000000000000001,1.01
4424,1782579807359,0.029999999999999999,-0.050000000000000003,1.01
4425,1782579807426,0.040000000000000001,-0.050000000000000003,1.01
4426,1782579807460,0.040000000000000001,-0.050000000000000003,1.01
4427,1782579807509,0.050000000000000003,-0.050000000000000003,1.02
4428,1782579807559,0.059999999999999998,-0.050000000000000003,1.01
4429,1782579807610,0.059999999999999998,-0.050000000000000003,1.01
4430,1782579807643,0.070000000000000007,-0.050000000000000003,1.01
4431,1782579807659,0.070000000000000007,-0.040000000000000001,1.01
4432,1782579807692,0.050000000000000003,-0.050000000000000003,1.01
4433,1782579807759,0.059999999999999998,-0.050000000000000003,1.01
4434,1782579807809,0.059999999999999998,-0.050000000000000003,1.01
4435,1782579807842,0.059999999999999998,-0.040000000000000001,1.01
4436,1782579807892,0.059999999999999998,-0.040000000000000001,1.01
4437,1782579807942,0.050000000000000003,-0.050000000000000003,1.01
4438,1782579807991,0.050000000000000003,-0.050000000000000003,1.01
4439,1782579808042,0.050000000000000003,-0.040000000000000001,1.01
4440,1782579808109,0.050000000000000003,-0.040000000000000001,1.01
4441,1782579808142,0.050000000000000003,-0.040000000000000001,1.01
4442,1782579808159,0.050000000000000003,-0.040000000000000001,1.01
4443,1782579808192,0.050000000000000003,-0.040000000000000001,1.01
4444,1782579808258,0.050000000000000003,-0.050000000000000003,1.02
4445,1782579808326,0.050000000000000003,-0.050000000000000003,1.01
4446,1782579808392,0.050000000000000003,-0.050000000000000003,1.01
4447,1782579808458,0.050000000000000003,-0.040000000000000001,1.01
4448,1782579808558,0.040000000000000001,-0.040000000000000001,1.01
4449,1782579808591,0.040000000000000001,-0.040000000000000001,1.01
4450,1782579808691,0.040000000000000001,-0.040000000000000001,1.01
4451,1782579808758,0.040000000000000001,-0.040000000000000001,1.01
4452,1782579808825,0.050000000000000003,-0.040000000000000001,1.02
4453,1782579808874,0.040000000000000001,-0.040000000000000001,1.01
4454,1782579808924,0.040000000000000001,-0.040000000000000001,1.01
4455,1782579809041,0.040000000000000001,-0.040000000000000001,1.01
4456,1782579809059,0.040000000000000001,-0.040000000000000001,1.01
4457,1782579809075,0.050000000000000003,-0.040000000000000001,1.02
4458,1782579809241,0.050000000000000003,-0.040000000000000001,1.02
4459,1782579809258,0.050000000000000003,-0.040000000000000001,1.02
4460,1782579809307,0.040000000000000001,-0.040000000000000001,1.02
4461,1782579809341,0.040000000000000001,-0.040000000000000001,1.01
4462,1782579809374,0.050000000000000003,-0.050000000000000003,1.01
4463,1782579809391,0.040000000000000001,-0.040000000000000001,1.01
4464,1782579809441,0.040000000000000001,-0.040000000000000001,1.01
4465,1782579809491,0.040000000000000001,-0.040000000000000001,1.01
4466,1782579809524,0.040000000000000001,-0.040000000000000001,1.01
4467,1782579809557,0.040000000000000001,-0.040000000000000001,1.02
4468,1782579809574,0.050000000000000003,-0.040000000000000001,1.02
4469,1782579809590,0.050000000000000003,-0.050000000000000003,1.01
4470,1782579809690,0.050000000000000003,-0.050000000000000003,1.01
4471,1782579809741,0.050000000000000003,-0.040000000000000001,1.01
4472,1782579809775,0.050000000000000003,-0.040000000000000001,1.01
4473,1782579809791,0.050000000000000003,-0.040000000000000001,1.01
4474,1782579809824,0.050000000000000003,-0.040000000000000001,1.01
4475,1782579809841,0.050000000000000003,-0.040000000000000001,1.01
4476,1782579809858,0.050000000000000003,-0.040000000000000001,1.01
4477,1782579809924,0.050000000000000003,-0.040000000000000001,1.01
4478,1782579809974,0.050000000000000003,-0.050000000000000003,1.01
4479,1782579810024,0.050000000000000003,-0.050000000000000003,1.01
4480,1782579810040,0.050000000000000003,-0.050000000000000003,1.01
4481,1782579810074,0.050000000000000003,-0.050000000000000003,1.01
4482,1782579810140,0.050000000000000003,-0.050000000000000003,1.01
4483,1782579810224,0.050000000000000003,-0.050000000000000003,1.01
4484,1782579810274,0.040000000000000001,-0.050000000000000003,1.01
4485,1782579810340,0.040000000000000001,-0.050000000000000003,1.01
4486,1782579810390,0.040000000000000001,-0.050000000000000003,1.01
4487,1782579810473,0.040000000000000001,-0.050000000000000003,1.02
4488,1782579810556,0.040000000000000001,-0.050000000000000003,1.02
4489,1782579810607,0.040000000000000001,-0.050000000000000003,1.02
4490,1782579810707,0.040000000000000001,-0.050000000000000003,1
4491,1782579810790,0.040000000000000001,-0.050000000000000003,1
4492,1782579810806,0.050000000000000003,-0.050000000000000003,1
4493,1782579810856,0.050000000000000003,-0.040000000000000001,1
4494,1782579810906,0.050000000000000003,-0.029999999999999999,0.97999999999999998
4495,1782579810939,0.050000000000000003,-0.029999999999999999,0.97999999999999998
4496,1782579810990,0.050000000000000003,-0.029999999999999999,0.97999999999999998
4497,1782579811056,0.050000000000000003,-0.040000000000000001,0.97999999999999998
4498,1782579811106,0.050000000000000003,-0.040000000000000001,0.98999999999999999
4499,1782579811206,0.050000000000000003,-0.040000000000000001,0.98999999999999999
4500,1782579811339,0.050000000000000003,-0.040000000000000001,0.98999999999999999
4501,1782579811389,0.050000000000000003,-0.040000000000000001,1
4502,1782579811423,0.050000000000000003,-0.050000000000000003,1.02
4503,1782579811441,0.050000000000000003,-0.050000000000000003,1.02
4504,1782579811472,0.050000000000000003,-0.050000000000000003,1.02
4505,1782579811557,0.050000000000000003,-0.050000000000000003,1.02
4506,1782579811605,0.050000000000000003,-0.050000000000000003,1.02
4507,1782579811655,0.050000000000000003,-0.050000000000000003,1.02
4508,1782579811705,0.040000000000000001,-0.040000000000000001,1.02
4509,1782579811805,0.050000000000000003,-0.040000000000000001,0.98999999999999999
4510,1782579811905,0.050000000000000003,-0.040000000000000001,0.98999999999999999
4511,1782579811972,0.050000000000000003,-0.040000000000000001,0.98999999999999999
4512,1782579812038,0.059999999999999998,-0.040000000000000001,0.98999999999999999
4513,1782579812088,0.059999999999999998,-0.040000000000000001,0.98999999999999999
4514,1782579812123,0.059999999999999998,-0.040000000000000001,1
4515,1782579812222,0.059999999999999998,-0.040000000000000001,1
4516,1782579812289,0.059999999999999998,-0.040000000000000001,1
4517,1782579812405,0.050000000000000003,-0.059999999999999998,1.04
4518,1782579812455,0.040000000000000001,-0.059999999999999998,1.05
4519,1782579812521,0.040000000000000001,-0.059999999999999998,1.05
4520,1782579812539,0.029999999999999999,-0.059999999999999998,1.05
4521,1782579812571,0.029999999999999999,-0.059999999999999998,1.03
4522,1782579812588,0.02,-0.059999999999999998,1.03
4523,1782579812622,0.02,-0.050000000000000003,1.02
4524,1782579812738,0.02,-0.050000000000000003,1.02
4525,1782579812771,0.02,-0.050000000000000003,1.01
4526,1782579812888,0.02,-0.050000000000000003,1
4527,1782579812905,0.02,-0.050000000000000003,1.03
4528,1782579812955,0.02,-0.050000000000000003,1.03
4529,1782579813004,0.02,-0.050000000000000003,1.03
4530,1782579813055,0.02,-0.050000000000000003,1.02
4531,1782579813121,0.02,-0.040000000000000001,1.02
4532,1782579813137,0.029999999999999999,-0.040000000000000001,1.01
4533,1782579813171,0.040000000000000001,-0.040000000000000001,0.98999999999999999
4534,1782579813188,0.050000000000000003,-0.040000000000000001,0.98999999999999999
4535,1782579813256,0.029999999999999999,-0.040000000000000001,0.97999999999999998
4536,1782579813287,0.040000000000000001,-0.040000000000000001,0.97999999999999998
4537,1782579813437,0.050000000000000003,-0.040000000000000001,0.97999999999999998
4538,1782579813454,0.059999999999999998,-0.040000000000000001,0.97999999999999998
4539,1782579813521,0.050000000000000003,-0.040000000000000001,1.01
4540,1782579813588,0.050000000000000003,-0.050000000000000003,1.01
4541,1782579813654,0.059999999999999998,-0.050000000000000003,1.01
4542,1782579813705,0.059999999999999998,-0.050000000000000003,1.02
4543,1782579813737,0.059999999999999998,-0.050000000000000003,1.02
4544,1782579813770,0.059999999999999998,-0.040000000000000001,1.02
4545,1782579813838,0.059999999999999998,-0.040000000000000001,1.01
4546,1782579813904,0.059999999999999998,-0.040000000000000001,1.02
4547,1782579813938,0.059999999999999998,-0.040000000000000001,1.01
4548,1782579813987,0.059999999999999998,-0.040000000000000001,1.01
4549,1782579814153,0.050000000000000003,-0.040000000000000001,1.01
4550,1782579814173,0.050000000000000003,-0.040000000000000001,1.01
4551,1782579814221,0.050000000000000003,-0.040000000000000001,1.01
4552,1782579814287,0.050000000000000003,-0.040000000000000001,1.01
4553,1782579814320,0.050000000000000003,-0.040000000000000001,1.01
4554,1782579814337,0.050000000000000003,-0.050000000000000003,1.02
4555,1782579814387,0.050000000000000003,-0.040000000000000001,1.01
4556,1782579814454,0.040000000000000001,-0.040000000000000001,1.02
4557,1782579814487,0.040000000000000001,-0.040000000000000001,1.01
4558,1782579814521,0.040000000000000001,-0.040000000000000001,1.01
4559,1782579814554,0.040000000000000001,-0.040000000000000001,1.01
4560,1782579814570,0.040000000000000001,-0.040000000000000001,1.01
4561,1782579814637,0.040000000000000001,-0.040000000000000001,1.01
4562,1782579814687,0.040000000000000001,-0.050000000000000003,1.01
4563,1782579814720,0.040000000000000001,-0.050000000000000003,1.01
4564,1782579814737,0.040000000000000001,-0.050000000000000003,1.02
4565,1782579814753,0.040000000000000001,-0.050000000000000003,1.01
4566,1782579814790,0.050000000000000003,-0.050000000000000003,1.01
4567,1782579814819,0.050000000000000003,-0.050000000000000003,1.01
4568,1782579814886,0.050000000000000003,-0.050000000000000003,1.02
4569,1782579814936,0.050000000000000003,-0.050000000000000003,1.02
4570,1782579814970,0.050000000000000003,-0.040000000000000001,1.02
4571,1782579815003,0.050000000000000003,-0.040000000000000001,1.01
4572,1782579815053,0.050000000000000003,-0.050000000000000003,1.01
4573,1782579815086,0.050000000000000003,-0.050000000000000003,1.01
4574,1782579815136,0.050000000000000003,-0.050000000000000003,1.01
4575,1782579815203,0.050000000000000003,-0.050000000000000003,1.01
4576,1782579815253,0.050000000000000003,-0.040000000000000001,1.02
4577,1782579815302,0.050000000000000003,-0.040000000000000001,1.02
4578,1782579815335,0.050000000000000003,-0.040000000000000001,1.02
4579,1782579815352,0.050000000000000003,-0.040000000000000001,1.02
4580,1782579815403,0.050000000000000003,-0.040000000000000001,1.02
4581,1782579815453,0.050000000000000003,-0.040000000000000001,1.02
4582,1782579815519,0.050000000000000003,-0.040000000000000001,1.02
4583,1782579815552,0.050000000000000003,-0.040000000000000001,1.01
4584,1782579815621,0.040000000000000001,-0.040000000000000001,1.02
4585,1782579815703,0.040000000000000001,-0.050000000000000003,1.02
4586,1782579815786,0.050000000000000003,-0.050000000000000003,1.02
4587,1782579815853,0.029999999999999999,-0.029999999999999999,1.03
4588,1782579815886,0.029999999999999999,-0.029999999999999999,1.03
4589,1782579815970,0.029999999999999999,-0.029999999999999999,1.03
4590,1782579816019,0.040000000000000001,-0.029999999999999999,1.02
4591,1782579816086,0.040000000000000001,-0.029999999999999999,1.02
4592,1782579816119,0.040000000000000001,-0.040000000000000001,1.02
4593,1782579816186,0.040000000000000001,-0.050000000000000003,1.02
4594,1782579816218,0.040000000000000001,-0.050000000000000003,1.01
4595,1782579816285,0.040000000000000001,-0.050000000000000003,1.01
4596,1782579816369,0.040000000000000001,-0.040000000000000001,1.01
4597,1782579816468,0.050000000000000003,-0.050000000000000003,1.02
4598,1782579816551,0.050000000000000003,-0.050000000000000003,1.01
4599,1782579816635,0.050000000000000003,-0.040000000000000001,1.01
4600,1782579816653,0.029999999999999999,-0.059999999999999998,1.04
4601,1782579816669,0.029999999999999999,-0.050000000000000003,1.04
